1691687694078 0.04 500
1691687851052 0.08 1000
1691687896507 0.08 1000
1691688054431 0.12 1500
1691688212279 0.16 2000
1691688258111 0.16 2000
1691688416098 0.2 2500
1691688574034 0.24 3000
1691688619951 0.24 3000
1691688777957 0.29 3500
1691688935927 0.33 4000
1691688981876 0.33 4000
1691689140038 0.37 4500
1691689298034 0.41 5000
1691689343942 0.41 5000
1691689501624 0.45 5500
1691689658716 0.49 6000
1691689703983 0.49 6000
1691689861681 0.53 6500
1691690019912 0.57 7000
1691690065673 0.57 7000
1691690222770 0.61 7500
1691690379969 0.65 8000
1691690425372 0.65 8000
1691690582633 0.69 8500
1691690739963 0.73 9000
1691690785245 0.73 9000
1691690942522 0.77 9500
1691691099906 0.81 10000
1691691145355 0.81 10000
1691691304013 0.86 10500
1691691461512 0.9 11000
1691691506902 0.9 11000
1691691664546 0.94 11500
1691691822067 0.98 12000
1691691867434 0.98 12000
1691692025181 1.02 12500
1691692182893 1.06 13000
1691692228397 1.06 13000
1691692386059 1.1 13500
1691692543735 1.14 14000
1691692589022 1.14 14000
1691692746821 1.18 14500
1691692904646 1.22 15000
1691692949916 1.22 15000
1691693107707 1.26 15500
1691693265565 1.3 16000
1691693311055 1.3 16000
1691693470073 1.34 16500
1691693629164 1.39 17000
1691693674852 1.39 17000
1691693834017 1.43 17500
1691693993062 1.47 18000
1691694038812 1.47 18000
1691694198149 1.51 18500
1691694357377 1.55 19000
1691694403219 1.55 19000
1691694562590 1.59 19500
1691694721999 1.63 20000
1691694767851 1.63 20000
1691694928485 1.67 20500
1691695087931 1.71 21000
1691695133761 1.71 21000
1691695293276 1.75 21500
1691695452878 1.79 22000
1691695498665 1.79 22000
1691695658285 1.83 22500
1691695818005 1.87 23000
1691695863779 1.87 23000
1691696023499 1.91 23500
1691696183276 1.96 24000
1691696229037 1.96 24000
1691696388867 2.0 24500
1691696548398 2.04 25000
1691696594121 2.04 25000
1691696753338 2.08 25500
1691696912574 2.12 26000
1691696958039 2.12 26000
1691697117466 2.16 26500
1691697277039 2.2 27000
1691697322372 2.2 27000
1691697481979 2.24 27500
1691697641689 2.28 28000
1691697687063 2.28 28000
1691697846764 2.32 28500
1691698006580 2.36 29000
1691698051822 2.36 29000
1691698211626 2.4 29500
1691698371509 2.44 30000
1691698416898 2.44 30000
1691698577882 2.49 30500
1691698737690 2.53 31000
1691698782861 2.53 31000
1691698942559 2.57 31500
1691699102216 2.61 32000
1691699147353 2.61 32000
1691699307235 2.65 32500
1691699467017 2.69 33000
1691699512331 2.69 33000
1691699671761 2.73 33500
1691699831277 2.77 34000
1691699876695 2.77 34000
1691700036222 2.81 34500
1691700195717 2.85 35000
1691700241033 2.85 35000
1691700400669 2.89 35500
1691700560192 2.93 36000
1691700605563 2.93 36000
1691700765117 2.97 36500
1691700924780 3.01 37000
1691700970013 3.01 37000
1691701130949 3.06 37500
1691701291873 3.1 38000
1691701337798 3.1 38000
1691701498920 3.14 38500
1691701659518 3.18 39000
1691701705450 3.18 39000
1691701865930 3.22 39500
1691702026511 3.26 40000
1691702072426 3.26 40000
1691702234137 3.3 40500
1691702394647 3.34 41000
1691702440177 3.34 41000
1691702600725 3.38 41500
1691702761169 3.42 42000
1691702806268 3.42 42000
1691702966904 3.46 42500
1691703127570 3.5 43000
1691703172670 3.5 43000
1691703333303 3.54 43500
1691703493995 3.59 44000
1691703539392 3.59 44000
1691703700342 3.63 44500
1691703861444 3.67 45000
1691703906745 3.67 45000
1691704067786 3.71 45500
1691704228897 3.75 46000
1691704274700 3.75 46000
1691704435890 3.79 46500
1691704597162 3.83 47000
1691704642702 3.83 47000
1691704804187 3.87 47500
1691704965638 3.91 48000
1691705011318 3.91 48000
1691705172936 3.95 48500
1691705334443 3.99 49000
1691705380118 3.99 49000
1691705538793 4.03 49500
1691705696714 4.07 50000
1691705741977 4.07 50000
1691705901018 4.12 50500
1691706058767 4.16 51000
1691706104127 4.16 51000
1691706261960 4.2 51500
1691706419697 4.24 52000
1691706465255 4.24 52000
1691706623269 4.28 52500
1691706781103 4.32 53000
1691706826724 4.32 53000
1691706984518 4.36 53500
1691707142250 4.4 54000
1691707188013 4.4 54000
1691707345968 4.44 54500
1691707503927 4.48 55000
1691707549551 4.48 55000
1691707707345 4.52 55500
1691707865096 4.56 56000
1691707910737 4.56 56000
1691708068585 4.6 56500
1691708226362 4.64 57000
1691708271963 4.64 57000
1691708429757 4.69 57500
1691708587480 4.73 58000
1691708633092 4.73 58000
1691708790918 4.77 58500
1691708948749 4.81 59000
1691708993873 4.81 59000
1691709151674 4.85 59500
1691709309473 4.89 60000
1691709354597 4.89 60000
1691709513484 4.93 60500
1691709671254 4.97 61000
1691709716373 4.97 61000
1691709874086 5.01 61500
1691710031821 5.05 62000
1691710077329 5.05 62000
1691710235312 5.09 62500
1691710393223 5.13 63000
1691710438442 5.13 63000
1691710596352 5.17 63500
1691710754272 5.22 64000
1691710799428 5.22 64000
1691710957338 5.26 64500
1691711115139 5.3 65000
1691711160338 5.3 65000
1691711318240 5.34 65500
1691711476195 5.38 66000
1691711521465 5.38 66000
1691711679298 5.42 66500
1691711837066 5.46 67000
1691711882224 5.46 67000
1691712040320 5.5 67500
1691712197797 5.54 68000
1691712243723 5.54 68000
1691712402206 5.58 68500
1691712560270 5.62 69000
1691712606182 5.62 69000
1691712764172 5.66 69500
1691712922456 5.7 70000
1691712967910 5.7 70000
1691713126439 5.74 70500
1691713283936 5.79 71000
1691713329289 5.79 71000
1691713487187 5.83 71500
1691713645014 5.87 72000
1691713690328 5.87 72000
1691713848244 5.91 72500
1691714006157 5.95 73000
1691714051508 5.95 73000
1691714209391 5.99 73500
1691714367179 6.03 74000
1691714412381 6.03 74000
1691714570178 6.07 74500
1691714727986 6.11 75000
1691714773120 6.11 75000
1691714930506 6.15 75500
1691715087704 6.19 76000
1691715132814 6.19 76000
1691715289943 6.23 76500
1691715446890 6.27 77000
1691715492010 6.27 77000
1691715649160 6.32 77500
1691715806328 6.36 78000
1691715851543 6.36 78000
1691716008730 6.4 78500
1691716165863 6.44 79000
1691716211331 6.44 79000
1691716368644 6.48 79500
1691716525918 6.52 80000
1691716571411 6.52 80000
1691716730214 6.56 80500
1691716887848 6.6 81000
1691716933248 6.6 81000
1691717091056 6.64 81500
1691717248880 6.68 82000
1691717294698 6.68 82000
1691717452702 6.72 82500
1691717610525 6.76 83000
1691717655663 6.76 83000
1691717813546 6.8 83500
1691717971310 6.84 84000
1691718016420 6.84 84000
1691718174259 6.89 84500
1691718332143 6.93 85000
1691718377285 6.93 85000
1691718535170 6.97 85500
1691718662657 7.0 85904
1691718709091 7.0 85904
1691718756802 7.0 85904
