1691687694077 0.0002 500
1691687851052 0.0004 1000
1691688054431 0.00039764439837934606 1500
1691688212279 0.0003952887967586922 2000
1691688416098 0.00039293319513803826 2500
1691688574033 0.00039057759351738435 3000
1691688777957 0.00038822199189673045 3500
1691688935927 0.00038586639027607655 4000
1691689140038 0.0003835107886554226 4500
1691689298034 0.0003811551870347687 5000
1691689501623 0.0003787995854141148 5500
1691689658716 0.0003764439837934609 6000
1691689861681 0.0003740883821728069 6500
1691690019912 0.0003717327805521531 7000
1691690222770 0.0003693771789314991 7500
1691690379969 0.0003670215773108452 8000
1691690582632 0.0003646659756901913 8500
1691690739962 0.00036231037406953735 9000
1691690942522 0.00035995477244888345 9500
1691691099906 0.00035759917082822955 10000
1691691304013 0.00035524356920757565 10500
1691691461512 0.0003528879675869217 11000
1691691664546 0.00035053236596626784 11500
1691691822066 0.0003481767643456139 12000
1691692025181 0.00034582116272496 12500
1691692182893 0.0003434655611043061 13000
1691692386058 0.0003411099594836521 13500
1691692543734 0.0003387543578629982 14000
1691692746821 0.0003363987562423443 14500
1691692904645 0.0003340431546216904 15000
1691693107707 0.00033168755300103645 15500
1691693265565 0.00032933195138038255 16000
1691693470073 0.00032697634975972865 16500
1691693629164 0.00032462074813907474 17000
1691693834017 0.0003222651465184208 17500
1691693993062 0.00031990954489776694 18000
1691694198148 0.000317553943277113 18500
1691694357377 0.0003151983416564591 19000
1691694562589 0.0003128427400358052 19500
1691694721998 0.0003104871384151512 20000
1691694928484 0.0003081315367944973 20500
1691695087931 0.0003057759351738434 21000
1691695293275 0.0003034203335531895 21500
1691695452877 0.00030106473193253555 22000
1691695658285 0.0002987091303118817 22500
1691695818005 0.00029635352869122775 23000
1691696023499 0.00029399792707057384 23500
1691696183276 0.00029164232544991994 24000
1691696388867 0.00028928672382926604 24500
1691696548398 0.0002869311222086121 25000
1691696753338 0.0002845755205879582 25500
1691696912574 0.0002822199189673043 26000
1691697117465 0.0002798643173466503 26500
1691697277039 0.0002775087157259964 27000
1691697481978 0.0002751531141053425 27500
1691697641688 0.0002727975124846886 28000
1691697846764 0.00027044191086403465 28500
1691698006580 0.0002680863092433808 29000
1691698211626 0.00026573070762272684 29500
1691698371508 0.00026337510600207294 30000
1691698577881 0.00026101950438141904 30500
1691698737690 0.00025866390276076514 31000
1691698942559 0.0002563083011401112 31500
1691699102215 0.0002539526995194573 32000
1691699307235 0.00025159709789880337 32500
1691699467017 0.0002492414962781494 33000
1691699671761 0.00024688589465749557 33500
1691699831276 0.0002445302930368416 34000
1691700036221 0.0002421746914161877 34500
1691700195717 0.00023981908979553378 35000
1691700400669 0.0002374634881748799 35500
1691700560192 0.00023510788655422594 36000
1691700765116 0.00023275228493357207 36500
1691700924780 0.00023039668331291814 37000
1691701130949 0.00022804108169226423 37500
1691701291873 0.0002256854800716103 38000
1691701498920 0.00022332987845095637 38500
1691701659518 0.00022097427683030247 39000
1691701865929 0.00021861867520964854 39500
1691702026511 0.00021626307358899464 40000
1691702234136 0.0002139074719683407 40500
1691702394646 0.00021155187034768683 41000
1691702600725 0.00020919626872703288 41500
1691702761169 0.000206840667106379 42000
1691702966904 0.00020448506548572507 42500
1691703127569 0.00020212946386507117 43000
1691703333303 0.00019977386224441724 43500
1691703493995 0.0001974182606237633 44000
1691703700342 0.0001950626590031094 44500
1691703861444 0.0001927070573824555 45000
1691704067785 0.00019035145576180157 45500
1691704228896 0.00018799585414114767 46000
1691704435890 0.00018564025252049376 46500
1691704597162 0.00018328465089983983 47000
1691704804187 0.0001809290492791859 47500
1691704965638 0.000178573447658532 48000
1691705172935 0.00017621784603787807 48500
1691705334443 0.00017386224441722417 49000
1691705538792 0.00017150664279657024 49500
1691705696713 0.00016915104117591634 50000
1691705901018 0.00016679543955526243 50500
1691706058766 0.0001644398379346085 51000
1691706261959 0.0001620842363139546 51500
1691706419696 0.0001597286346933007 52000
1691706623269 0.00015737303307264677 52500
1691706781103 0.00015501743145199286 53000
1691706984518 0.00015266182983133893 53500
1691707142250 0.000150306228210685 54000
1691707345968 0.0001479506265900311 54500
1691707503927 0.00014559502496937717 55000
1691707707345 0.00014323942334872327 55500
1691707865095 0.00014088382172806936 56000
1691708068585 0.00013852822010741543 56500
1691708226362 0.00013617261848676153 57000
1691708429756 0.0001338170168661076 57500
1691708587479 0.0001314614152454537 58000
1691708790918 0.0001291058136247998 58500
1691708948748 0.00012675021200414586 59000
1691709151673 0.00012439461038349196 59500
1691709309473 0.00012203900876283803 60000
1691709513484 0.00011968340714218412 60500
1691709671254 0.0001173278055215302 61000
1691709874086 0.00011497220390087628 61500
1691710031821 0.00011261660228022237 62000
1691710235311 0.00011026100065956846 62500
1691710393223 0.00010790539903891455 63000
1691710596352 0.00010554979741826063 63500
1691710754272 0.00010319419579760671 64000
1691710957338 0.00010083859417695281 64500
1691711115139 9.848299255629888e-05 65000
1691711318240 9.612739093564496e-05 65500
1691711476194 9.377178931499106e-05 66000
1691711679298 9.141618769433714e-05 66500
1691711837065 8.906058607368323e-05 67000
1691712040320 8.67049844530293e-05 67500
1691712197797 8.43493828323754e-05 68000
1691712402206 8.199378121172148e-05 68500
1691712560270 7.963817959106756e-05 69000
1691712764172 7.728257797041364e-05 69500
1691712922455 7.492697634975974e-05 70000
1691713126439 7.257137472910581e-05 70500
1691713283935 7.02157731084519e-05 71000
1691713487187 6.786017148779799e-05 71500
1691713645014 6.550456986714408e-05 72000
1691713848244 6.314896824649016e-05 72500
1691714006157 6.079336662583624e-05 73000
1691714209390 5.843776500518232e-05 73500
1691714367179 5.608216338452841e-05 74000
1691714570178 5.372656176387449e-05 74500
1691714727985 5.137096014322058e-05 75000
1691714930505 4.901535852256667e-05 75500
1691715087703 4.665975690191275e-05 76000
1691715289943 4.4304155281258834e-05 76500
1691715446890 4.1948553660604924e-05 77000
1691715649159 3.9592952039951e-05 77500
1691715806327 3.723735041929709e-05 78000
1691716008730 3.4881748798643174e-05 78500
1691716165862 3.252614717798926e-05 79000
1691716368643 3.0170545557335345e-05 79500
1691716525917 2.781494393668143e-05 80000
1691716730214 2.5459342316027512e-05 80500
1691716887847 2.31037406953736e-05 81000
1691717091056 2.0748139074719685e-05 81500
1691717248880 1.839253745406577e-05 82000
1691717452701 1.6036935833411852e-05 82500
1691717610525 1.3681334212757941e-05 83000
1691717813546 1.1325732592104024e-05 83500
1691717971309 8.97013097145011e-06 84000
1691718174259 6.614529350796193e-06 84500
1691718332142 4.258927730142278e-06 85000
1691718535169 1.9033261094883636e-06 85500
