1691687694077 1.1026 500
1691687851051 0.5456 1000
1691688054430 0.4354 1500
1691688212278 0.4142 2000
1691688416097 0.3935 2500
1691688574033 0.3848 3000
1691688777956 0.3778 3500
1691688935926 0.3807 4000
1691689140037 0.3837 4500
1691689298033 0.3847 5000
1691689501623 0.3742 5500
1691689658715 0.3555 6000
1691689861680 0.3662 6500
1691690019911 0.3502 7000
1691690222769 0.3551 7500
1691690379969 0.3513 8000
1691690582632 0.3477 8500
1691690739962 0.3562 9000
1691690942521 0.3565 9500
1691691099905 0.351 10000
1691691304012 0.3482 10500
1691691461511 0.3468 11000
1691691664545 0.3493 11500
1691691822066 0.3373 12000
1691692025180 0.3423 12500
1691692182892 0.3313 13000
1691692386058 0.337 13500
1691692543734 0.3386 14000
1691692746821 0.3315 14500
1691692904645 0.3356 15000
1691693107706 0.3333 15500
1691693265564 0.3336 16000
1691693470072 0.3345 16500
1691693629163 0.3258 17000
1691693834017 0.33 17500
1691693993061 0.3251 18000
1691694198148 0.3383 18500
1691694357376 0.3328 19000
1691694562589 0.3269 19500
1691694721998 0.3239 20000
1691694928484 0.3364 20500
1691695087931 0.3304 21000
1691695293275 0.3156 21500
1691695452877 0.3255 22000
1691695658284 0.3347 22500
1691695818004 0.3324 23000
1691696023498 0.3256 23500
1691696183275 0.3274 24000
1691696388866 0.3231 24500
1691696548397 0.3062 25000
1691696753337 0.3135 25500
1691696912573 0.3055 26000
1691697117465 0.3037 26500
1691697277038 0.3183 27000
1691697481978 0.3164 27500
1691697641688 0.3345 28000
1691697846763 0.3176 28500
1691698006579 0.3192 29000
1691698211625 0.3101 29500
1691698371508 0.3211 30000
1691698577881 0.3212 30500
1691698737689 0.3089 31000
1691698942558 0.3074 31500
1691699102215 0.3276 32000
1691699307234 0.3138 32500
1691699467016 0.3141 33000
1691699671760 0.322 33500
1691699831276 0.3139 34000
1691700036221 0.3066 34500
1691700195717 0.3165 35000
1691700400668 0.3249 35500
1691700560191 0.3066 36000
1691700765116 0.31 36500
1691700924779 0.3096 37000
1691701130948 0.2986 37500
1691701291872 0.294 38000
1691701498920 0.3043 38500
1691701659518 0.2923 39000
1691701865929 0.3058 39500
1691702026510 0.299 40000
1691702234136 0.2907 40500
1691702394646 0.3035 41000
1691702600724 0.3047 41500
1691702761168 0.3096 42000
1691702966903 0.309 42500
1691703127569 0.3086 43000
1691703333303 0.3049 43500
1691703493994 0.3049 44000
1691703700341 0.3014 44500
1691703861443 0.3063 45000
1691704067785 0.3053 45500
1691704228896 0.2994 46000
1691704435890 0.3061 46500
1691704597161 0.309 47000
1691704804187 0.3021 47500
1691704965638 0.3026 48000
1691705172935 0.2969 48500
1691705334442 0.3023 49000
1691705538792 0.285 49500
1691705696713 0.2877 50000
1691705901017 0.2801 50500
1691706058766 0.2749 51000
1691706261959 0.2859 51500
1691706419696 0.2945 52000
1691706623269 0.2915 52500
1691706781102 0.2963 53000
1691706984517 0.2924 53500
1691707142250 0.2789 54000
1691707345967 0.2868 54500
1691707503926 0.2929 55000
1691707707344 0.2831 55500
1691707865095 0.2866 56000
1691708068584 0.2964 56500
1691708226361 0.2753 57000
1691708429756 0.295 57500
1691708587479 0.2852 58000
1691708790917 0.2914 58500
1691708948748 0.2833 59000
1691709151673 0.2821 59500
1691709309472 0.2906 60000
1691709513484 0.2789 60500
1691709671253 0.291 61000
1691709874085 0.2765 61500
1691710031821 0.2664 62000
1691710235311 0.2692 62500
1691710393222 0.2723 63000
1691710596352 0.2801 63500
1691710754271 0.2727 64000
1691710957338 0.2765 64500
1691711115138 0.2713 65000
1691711318239 0.2778 65500
1691711476194 0.2739 66000
1691711679297 0.2733 66500
1691711837065 0.2726 67000
1691712040319 0.2732 67500
1691712197796 0.2756 68000
1691712402205 0.268 68500
1691712560269 0.2714 69000
1691712764171 0.2698 69500
1691712922455 0.2848 70000
1691713126438 0.2784 70500
1691713283935 0.2708 71000
1691713487186 0.2651 71500
1691713645013 0.2641 72000
1691713848244 0.2701 72500
1691714006156 0.2713 73000
1691714209390 0.266 73500
1691714367178 0.2555 74000
1691714570177 0.2648 74500
1691714727985 0.2587 75000
1691714930505 0.2605 75500
1691715087703 0.2581 76000
1691715289942 0.2581 76500
1691715446889 0.258 77000
1691715649159 0.2578 77500
1691715806327 0.2593 78000
1691716008729 0.2566 78500
1691716165862 0.2683 79000
1691716368643 0.258 79500
1691716525917 0.2535 80000
1691716730214 0.2592 80500
1691716887847 0.2624 81000
1691717091055 0.2621 81500
1691717248879 0.2599 82000
1691717452701 0.2515 82500
1691717610524 0.2601 83000
1691717813545 0.2545 83500
1691717971309 0.2598 84000
1691718174259 0.2465 84500
1691718332142 0.2532 85000
1691718535169 0.2547 85500
