1691142395820 0.04 500
1691142547894 0.08 1000
1691142593253 0.08 1000
1691142745378 0.12 1500
1691142897309 0.16 2000
1691142942418 0.16 2000
1691143095272 0.2 2500
1691143247627 0.24 3000
1691143292886 0.24 3000
1691143445578 0.29 3500
1691143598301 0.33 4000
1691143643563 0.33 4000
1691143796646 0.37 4500
1691143949604 0.41 5000
1691143995521 0.41 5000
1691144148439 0.45 5500
1691144301343 0.49 6000
1691144346728 0.49 6000
1691144499551 0.53 6500
1691144652242 0.57 7000
1691144697396 0.57 7000
1691144850906 0.61 7500
1691145004490 0.65 8000
1691145049718 0.65 8000
1691145203302 0.69 8500
1691145356715 0.73 9000
1691145401933 0.73 9000
1691145555482 0.77 9500
1691145709431 0.81 10000
1691145754990 0.81 10000
1691145910116 0.86 10500
1691146064634 0.9 11000
1691146110428 0.9 11000
1691146264798 0.94 11500
1691146418656 0.98 12000
1691146463980 0.98 12000
1691146618517 1.02 12500
1691146772894 1.06 13000
1691146818184 1.06 13000
1691146972485 1.1 13500
1691147126918 1.14 14000
1691147172297 1.14 14000
1691147326992 1.18 14500
1691147481745 1.22 15000
1691147527539 1.22 15000
1691147682438 1.26 15500
1691147837454 1.3 16000
