1691142395819 0.0003 500
1691142547894 0.0006 1000
1691142745378 0.000596466597569019 1500
1691142897308 0.0005929331951380382 2000
1691143095271 0.0005893997927070573 2500
1691143247627 0.0005858663902760764 3000
1691143445578 0.0005823329878450955 3500
1691143598301 0.0005787995854141147 4000
1691143796646 0.0005752661829831338 4500
1691143949604 0.000571732780552153 5000
1691144148439 0.0005681993781211721 5500
1691144301342 0.0005646659756901913 6000
1691144499550 0.0005611325732592104 6500
1691144652242 0.0005575991708282295 7000
1691144850906 0.0005540657683972486 7500
1691145004489 0.0005505323659662677 8000
1691145203302 0.0005469989635352869 8500
1691145356715 0.000543465561104306 9000
1691145555482 0.0005399321586733252 9500
1691145709431 0.0005363987562423442 10000
1691145910115 0.0005328653538113634 10500
1691146064634 0.0005293319513803825 11000
1691146264798 0.0005257985489494016 11500
1691146418655 0.0005222651465184207 12000
1691146618517 0.0005187317440874399 12500
1691146772894 0.000515198341656459 13000
1691146972484 0.0005116649392254781 13500
1691147126917 0.0005081315367944973 14000
1691147326991 0.0005045981343635164 14500
1691147481745 0.0005010647319325356 15000
1691147682438 0.0004975313295015547 15500
1691147837454 0.0004939979270705738 16000
