1691142395819 1.018 500
1691142547893 0.4908 1000
1691142745378 0.4326 1500
1691142897308 0.415 2000
1691143095271 0.3936 2500
1691143247626 0.3872 3000
1691143445577 0.373 3500
1691143598300 0.3809 4000
1691143796645 0.3848 4500
1691143949603 0.3859 5000
1691144148438 0.3751 5500
1691144301342 0.3645 6000
1691144499550 0.3656 6500
1691144652241 0.3525 7000
1691144850905 0.3584 7500
1691145004489 0.3617 8000
1691145203301 0.3525 8500
1691145356714 0.3638 9000
1691145555482 0.3584 9500
1691145709430 0.3564 10000
1691145910115 0.3546 10500
1691146064633 0.3522 11000
1691146264797 0.3592 11500
1691146418655 0.3431 12000
1691146618516 0.3483 12500
1691146772894 0.3362 13000
1691146972484 0.3444 13500
1691147126917 0.346 14000
1691147326991 0.3406 14500
1691147481744 0.3445 15000
1691147682437 0.3437 15500
1691147837453 0.3417 16000
