1691405736105 0.04 500
1691405893161 0.08 1000
1691405938377 0.08 1000
1691406095043 0.12 1500
1691406252455 0.16 2000
1691406298114 0.16 2000
1691406455112 0.2 2500
1691406612237 0.24 3000
1691406657843 0.24 3000
1691406815211 0.29 3500
1691406972651 0.33 4000
1691407018381 0.33 4000
1691407176297 0.37 4500
1691407333856 0.41 5000
1691407379335 0.41 5000
1691407537004 0.45 5500
1691407694818 0.49 6000
1691407740235 0.49 6000
1691407898000 0.53 6500
1691408055967 0.57 7000
1691408101128 0.57 7000
1691408258733 0.61 7500
1691408416637 0.65 8000
1691408461997 0.65 8000
1691408619944 0.69 8500
1691408777836 0.73 9000
1691408823649 0.73 9000
1691408981976 0.77 9500
1691409140065 0.81 10000
1691409185559 0.81 10000
1691409348119 0.86 10500
1691409506191 0.9 11000
1691409551706 0.9 11000
1691409710002 0.94 11500
1691409868334 0.98 12000
1691409913886 0.98 12000
1691410072117 1.02 12500
1691410230469 1.06 13000
1691410276176 1.06 13000
1691410434354 1.1 13500
1691410592746 1.14 14000
1691410638552 1.14 14000
1691410797012 1.18 14500
1691410955547 1.22 15000
1691411001245 1.22 15000
1691411159778 1.26 15500
1691411318402 1.3 16000
1691411363654 1.3 16000
1691411522186 1.34 16500
1691411680909 1.39 17000
1691411726669 1.39 17000
1691411885352 1.43 17500
1691412043878 1.47 18000
1691412089566 1.47 18000
1691412248454 1.51 18500
1691412406983 1.55 19000
1691412452141 1.55 19000
1691412610974 1.59 19500
1691412769606 1.63 20000
1691412815048 1.63 20000
1691412974960 1.67 20500
1691413133890 1.71 21000
1691413179029 1.71 21000
1691413337453 1.75 21500
1691413496476 1.79 22000
1691413542271 1.79 22000
1691413701535 1.83 22500
1691413860896 1.87 23000
1691413906205 1.87 23000
1691414065375 1.91 23500
1691414224286 1.96 24000
1691414269529 1.96 24000
1691414428552 2.0 24500
1691414587341 2.04 25000
1691414633102 2.04 25000
1691414792639 2.08 25500
1691414952218 2.12 26000
1691414998015 2.12 26000
1691415157517 2.16 26500
1691415317214 2.2 27000
1691415362951 2.2 27000
1691415522596 2.24 27500
1691415682934 2.28 28000
1691415728552 2.28 28000
1691415887764 2.32 28500
1691416046936 2.36 29000
1691416092045 2.36 29000
1691416250941 2.4 29500
1691416410208 2.44 30000
1691416455572 2.44 30000
1691416620114 2.49 30500
1691416779761 2.53 31000
1691416825603 2.53 31000
1691416985793 2.57 31500
1691417145940 2.61 32000
1691417191827 2.61 32000
1691417352141 2.65 32500
1691417512344 2.69 33000
1691417558246 2.69 33000
1691417719128 2.73 33500
1691417880147 2.77 34000
1691417925874 2.77 34000
1691418086088 2.81 34500
1691418245921 2.85 35000
1691418291263 2.85 35000
1691418451073 2.89 35500
1691418610720 2.93 36000
1691418656053 2.93 36000
1691418816243 2.97 36500
1691418976779 3.01 37000
1691419022489 3.01 37000
1691419182451 3.06 37500
1691419342026 3.1 38000
1691419387637 3.1 38000
1691419548369 3.14 38500
1691419708050 3.18 39000
1691419753255 3.18 39000
1691419915888 3.22 39500
1691420081642 3.26 40000
1691420127600 3.26 40000
1691420293149 3.3 40500
1691420453962 3.34 41000
1691420499206 3.34 41000
1691420660668 3.38 41500
1691420823093 3.42 42000
1691420870020 3.42 42000
1691421034152 3.46 42500
1691421199508 3.5 43000
1691421247416 3.5 43000
1691421412486 3.54 43500
1691421578615 3.59 44000
1691421626863 3.59 44000
1691421793378 3.63 44500
1691421960914 3.67 45000
1691422010231 3.67 45000
1691422177980 3.71 45500
1691422346178 3.75 46000
1691422396576 3.75 46000
1691422565075 3.79 46500
1691422730832 3.83 47000
1691422777673 3.83 47000
1691422942832 3.87 47500
1691423108059 3.91 48000
1691423155144 3.91 48000
1691423320614 3.95 48500
1691423487187 3.99 49000
1691423534245 3.99 49000
1691423696335 4.03 49500
1691423858683 4.07 50000
1691423905858 4.07 50000
1691424072025 4.12 50500
1691424233671 4.16 51000
1691424280198 4.16 51000
1691424441287 4.2 51500
1691424603253 4.24 52000
1691424649671 4.24 52000
1691424811948 4.28 52500
1691424973240 4.32 53000
1691425020254 4.32 53000
1691425182368 4.36 53500
1691425343402 4.4 54000
1691425390012 4.4 54000
1691425551718 4.44 54500
1691425713909 4.48 55000
1691425759806 4.48 55000
1691425920966 4.52 55500
1691426082016 4.56 56000
1691426129059 4.56 56000
1691426291027 4.6 56500
1691426452312 4.64 57000
1691426498960 4.64 57000
1691426661474 4.69 57500
1691426822484 4.73 58000
1691426869389 4.73 58000
1691427030727 4.77 58500
1691427192243 4.81 59000
1691427239106 4.81 59000
1691427400920 4.85 59500
1691427562520 4.89 60000
1691427610287 4.89 60000
1691427777058 4.93 60500
1691427938793 4.97 61000
1691427985509 4.97 61000
1691428146827 5.01 61500
1691428308272 5.05 62000
1691428356140 5.05 62000
1691428517514 5.09 62500
1691428679161 5.13 63000
1691428725593 5.13 63000
1691428887297 5.17 63500
1691429048831 5.22 64000
1691429095194 5.22 64000
1691429257317 5.26 64500
1691429419615 5.3 65000
1691429466341 5.3 65000
1691429627179 5.34 65500
1691429788357 5.38 66000
1691429835707 5.38 66000
1691429997315 5.42 66500
1691430157938 5.46 67000
1691430204213 5.46 67000
1691430365418 5.5 67500
1691430527059 5.54 68000
1691430573758 5.54 68000
1691430736390 5.58 68500
1691430898002 5.62 69000
1691430944072 5.62 69000
1691431105789 5.66 69500
1691431267696 5.7 70000
1691431314160 5.7 70000
1691431480742 5.74 70500
1691431643001 5.79 71000
1691431691275 5.79 71000
1691431852642 5.83 71500
1691432013798 5.87 72000
1691432061082 5.87 72000
1691432223548 5.91 72500
1691432385246 5.95 73000
1691432432351 5.95 73000
1691432593613 5.99 73500
1691432755471 6.03 74000
1691432802385 6.03 74000
1691432963803 6.07 74500
1691433125970 6.11 75000
1691433172971 6.11 75000
1691433332297 6.15 75500
1691433489974 6.19 76000
1691433535436 6.19 76000
1691433693302 6.23 76500
1691433851014 6.27 77000
1691433896551 6.27 77000
1691434054353 6.32 77500
1691434212120 6.36 78000
1691434257695 6.36 78000
1691434415504 6.4 78500
1691434573157 6.44 79000
1691434618757 6.44 79000
1691434776612 6.48 79500
1691434934412 6.52 80000
1691434980048 6.52 80000
1691435143216 6.56 80500
1691435300861 6.6 81000
1691435345780 6.6 81000
1691435503541 6.64 81500
1691435661218 6.68 82000
1691435706243 6.68 82000
1691435863984 6.72 82500
1691436021739 6.76 83000
1691436066762 6.76 83000
1691436224072 6.8 83500
1691436381193 6.84 84000
1691436426318 6.84 84000
1691436584696 6.89 84500
1691436743105 6.93 85000
1691436788721 6.93 85000
1691436947178 6.97 85500
1691437105513 7.01 86000
1691437151184 7.01 86000
1691437309634 7.05 86500
1691437468064 7.09 87000
1691437513803 7.09 87000
1691437672279 7.13 87500
1691437830624 7.17 88000
1691437876341 7.17 88000
1691438034808 7.21 88500
1691438192942 7.25 89000
1691438238581 7.25 89000
1691438396534 7.29 89500
1691438554388 7.33 90000
1691438599910 7.33 90000
1691438758834 7.37 90500
1691438916515 7.42 91000
1691438962011 7.42 91000
1691439119671 7.46 91500
1691439277412 7.5 92000
1691439322890 7.5 92000
1691439480737 7.54 92500
1691439638595 7.58 93000
1691439683790 7.58 93000
1691439841739 7.62 93500
1691439999655 7.66 94000
1691440044873 7.66 94000
1691440202774 7.7 94500
1691440360556 7.74 95000
1691440405765 7.74 95000
1691440563656 7.78 95500
1691440721531 7.82 96000
1691440766601 7.82 96000
1691440924368 7.86 96500
1691441081994 7.9 97000
1691441127050 7.9 97000
1691441284791 7.94 97500
1691441442532 7.99 98000
1691441487563 7.99 98000
1691441645399 8.03 98500
1691441803070 8.07 99000
1691441848085 8.07 99000
1691442005899 8.11 99500
1691442163705 8.15 100000
1691442208679 8.15 100000
1691442367665 8.19 100500
1691442525442 8.23 101000
1691442570482 8.23 101000
1691442728313 8.27 101500
1691442886094 8.31 102000
1691442931613 8.31 102000
1691443089460 8.35 102500
1691443247299 8.39 103000
1691443292881 8.39 103000
1691443450786 8.43 103500
1691443608629 8.47 104000
1691443654183 8.47 104000
1691443811987 8.52 104500
1691443969845 8.56 105000
1691444015357 8.56 105000
1691444173122 8.6 105500
1691444331039 8.64 106000
1691444376627 8.64 106000
1691444534471 8.68 106500
1691444692268 8.72 107000
1691444737888 8.72 107000
1691444895796 8.76 107500
1691445053697 8.8 108000
1691445099326 8.8 108000
1691445257198 8.84 108500
1691445415039 8.88 109000
1691445460697 8.88 109000
1691445618591 8.92 109500
1691445776473 8.96 110000
1691445822110 8.96 110000
1691445981232 9.0 110500
1691446139019 9.04 111000
1691446184703 9.04 111000
1691446342635 9.09 111500
1691446500459 9.13 112000
1691446546167 9.13 112000
1691446704044 9.17 112500
1691446861933 9.21 113000
1691446907635 9.21 113000
1691447065507 9.25 113500
1691447223259 9.29 114000
1691447268928 9.29 114000
1691447426791 9.33 114500
1691447584669 9.37 115000
1691447630303 9.37 115000
1691447788179 9.41 115500
1691447945899 9.45 116000
1691447991570 9.45 116000
1691448149423 9.49 116500
1691448307200 9.53 117000
1691448352751 9.53 117000
1691448510583 9.57 117500
1691448668254 9.62 118000
1691448713834 9.62 118000
1691448871645 9.66 118500
1691449029413 9.7 119000
1691449075045 9.7 119000
1691449232956 9.74 119500
1691449390691 9.78 120000
1691449436388 9.78 120000
1691449595417 9.82 120500
1691449753237 9.86 121000
1691449798828 9.86 121000
1691449956560 9.9 121500
1691450114325 9.94 122000
1691450159891 9.94 122000
1691450317676 9.98 122500
1691450387126 10.0 122720
1691450437138 10.0 122720
1691450483073 10.0 122720
