1691405736104 0.0002 500
1691405893161 0.0004 1000
1691406095043 0.0003983568846533027 1500
1691406252454 0.0003967137693066053 2000
1691406455111 0.000395070653959908 2500
1691406612237 0.00039342753861321063 3000
1691406815211 0.0003917844232665133 3500
1691406972651 0.000390141307919816 4000
1691407176297 0.0003884981925731186 4500
1691407333856 0.0003868550772264213 5000
1691407537004 0.000385211961879724 5500
1691407694818 0.0003835688465330266 6000
1691407897999 0.0003819257311863293 6500
1691408055967 0.00038028261583963196 7000
1691408258733 0.00037863950049293464 7500
1691408416636 0.00037699638514623727 8000
1691408619944 0.00037535326979953995 8500
1691408777836 0.00037371015445284263 9000
1691408981976 0.0003720670391061453 9500
1691409140064 0.00037042392375944794 10000
1691409348119 0.0003687808084127506 10500
1691409506191 0.00036713769306605324 11000
1691409710001 0.0003654945777193559 11500
1691409868334 0.0003638514623726586 12000
1691410072117 0.00036220834702596123 12500
1691410230469 0.0003605652316792639 13000
1691410434354 0.0003589221163325666 13500
1691410592746 0.0003572790009858692 14000
1691410797012 0.0003556358856391719 14500
1691410955547 0.0003539927702924745 15000
1691411159777 0.0003523496549457772 15500
1691411318402 0.0003507065395990799 16000
1691411522185 0.0003490634242523825 16500
1691411680908 0.0003474203089056852 17000
1691411885352 0.00034577719355898787 17500
1691412043878 0.0003441340782122905 18000
1691412248454 0.0003424909628655932 18500
1691412406983 0.0003408478475188958 19000
1691412610973 0.0003392047321721985 19500
1691412769606 0.00033756161682550116 20000
1691412974959 0.00033591850147880384 20500
1691413133890 0.0003342753861321065 21000
1691413337453 0.00033263227078540915 21500
1691413496476 0.0003309891554387118 22000
1691413701534 0.0003293460400920145 22500
1691413860895 0.00032770292474531713 23000
1691414065374 0.0003260598093986198 23500
1691414224286 0.0003244166940519225 24000
1691414428551 0.0003227735787052251 24500
1691414587341 0.0003211304633585278 25000
1691414792639 0.0003194873480118305 25500
1691414952218 0.0003178442326651331 26000
1691415157517 0.0003162011173184358 26500
1691415317214 0.0003145580019717384 27000
1691415522596 0.0003129148866250411 27500
1691415682934 0.00031127177127834377 28000
1691415887764 0.0003096286559316464 28500
1691416046936 0.0003079855405849491 29000
1691416250941 0.0003063424252382517 29500
1691416410207 0.0003046993098915544 30000
1691416620114 0.00030305619454485706 30500
1691416779760 0.0003014130791981597 31000
1691416985793 0.00029976996385146237 31500
1691417145940 0.00029812684850476505 32000
1691417352140 0.0002964837331580677 32500
1691417512344 0.00029484061781137036 33000
1691417719127 0.00029319750246467304 33500
1691417880147 0.0002915543871179757 34000
1691418086088 0.00028991127177127834 34500
1691418245920 0.000288268156424581 35000
1691418451073 0.0002866250410778837 35500
1691418610720 0.0002849819257311864 36000
1691418816243 0.000283338810384489 36500
1691418976779 0.0002816956950377917 37000
1691419182451 0.0002800525796910943 37500
1691419342026 0.000278409464344397 38000
1691419548369 0.0002767663489976997 38500
1691419708050 0.0002751232336510023 39000
1691419915887 0.000273480118304305 39500
1691420081641 0.00027183700295760766 40000
1691420293148 0.0002701938876109103 40500
1691420453962 0.00026855077226421297 41000
1691420660668 0.0002669076569175156 41500
1691420823092 0.0002652645415708183 42000
1691421034151 0.00026362142622412095 42500
1691421199507 0.0002619783108774236 43000
1691421412486 0.00026033519553072626 43500
1691421578614 0.00025869208018402894 44000
1691421793377 0.00025704896483733157 44500
1691421960913 0.00025540584949063425 45000
1691422177979 0.0002537627341439369 45500
1691422346177 0.00025211961879723955 46000
1691422565075 0.00025047650345054223 46500
1691422730832 0.0002488333881038449 47000
1691422942832 0.0002471902727571476 47500
1691423108059 0.0002455471574104502 48000
1691423320613 0.00024390404206375287 48500
1691423487186 0.00024226092671705555 49000
1691423696335 0.0002406178113703582 49500
1691423858682 0.00023897469602366086 50000
1691424072025 0.00023733158067696354 50500
1691424233671 0.0002356884653302662 51000
1691424441287 0.00023404534998356887 51500
1691424603253 0.00023240223463687155 52000
1691424811948 0.00023075911929017418 52500
1691424973240 0.00022911600394347686 53000
1691425182368 0.00022747288859677948 53500
1691425343401 0.00022582977325008216 54000
1691425551718 0.00022418665790338484 54500
1691425713908 0.00022254354255668747 55000
1691425920966 0.00022090042720999015 55500
1691426082015 0.00021925731186329283 56000
1691426291026 0.00021761419651659546 56500
1691426452312 0.00021597108116989814 57000
1691426661474 0.0002143279658232008 57500
1691426822484 0.00021268485047650347 58000
1691427030727 0.00021104173512980615 58500
1691427192243 0.00020939861978310878 59000
1691427400920 0.00020775550443641146 59500
1691427562520 0.00020611238908971408 60000
1691427777057 0.00020446927374301676 60500
1691427938792 0.00020282615839631944 61000
1691428146826 0.00020118304304962207 61500
1691428308271 0.00019953992770292475 62000
1691428517513 0.0001978968123562274 62500
1691428679160 0.00019625369700953006 63000
1691428887297 0.00019461058166283274 63500
1691429048831 0.00019296746631613542 64000
1691429257317 0.00019132435096943807 64500
1691429419615 0.00018968123562274072 65000
1691429627179 0.0001880381202760434 65500
1691429788356 0.00018639500492934605 66000
1691429997314 0.0001847518895826487 66500
1691430157937 0.00018310877423595136 67000
1691430365418 0.00018146565888925404 67500
1691430527058 0.0001798225435425567 68000
1691430736389 0.00017817942819585935 68500
1691430898002 0.000176536312849162 69000
1691431105789 0.00017489319750246468 69500
1691431267695 0.00017325008215576733 70000
1691431480741 0.00017160696680907001 70500
1691431643001 0.00016996385146237267 71000
1691431852642 0.00016832073611567535 71500
1691432013798 0.000166677620768978 72000
1691432223548 0.00016503450542228065 72500
1691432385245 0.0001633913900755833 73000
1691432593613 0.00016174827472888599 73500
1691432755471 0.00016010515938218864 74000
1691432963802 0.0001584620440354913 74500
1691433125969 0.00015681892868879395 75000
1691433332297 0.00015517581334209663 75500
1691433489974 0.00015353269799539928 76000
1691433693302 0.00015188958264870193 76500
1691433851014 0.0001502464673020046 77000
1691434054353 0.0001486033519553073 77500
1691434212119 0.00014696023660860995 78000
1691434415504 0.0001453171212619126 78500
1691434573157 0.00014367400591521525 79000
1691434776612 0.00014203089056851793 79500
1691434934411 0.00014038777522182058 80000
1691435143215 0.00013874465987512324 80500
1691435300861 0.0001371015445284259 81000
1691435503541 0.00013545842918172857 81500
1691435661217 0.00013381531383503122 82000
1691435863984 0.00013217219848833388 82500
1691436021739 0.00013052908314163653 83000
1691436224072 0.0001288859677949392 83500
1691436381192 0.0001272428524482419 84000
1691436584696 0.00012559973710154454 84500
1691436743105 0.0001239566217548472 85000
1691436947178 0.00012231350640814985 85500
1691437105513 0.00012067039106145253 86000
1691437309634 0.00011902727571475518 86500
1691437468063 0.00011738416036805784 87000
1691437672278 0.00011574104502136049 87500
1691437830624 0.00011409792967466317 88000
1691438034808 0.00011245481432796584 88500
1691438192942 0.00011081169898126849 89000
1691438396534 0.00010916858363457114 89500
1691438554388 0.00010752546828787382 90000
1691438758834 0.00010588235294117647 90500
1691438916515 0.00010423923759447913 91000
1691439119670 0.0001025961222477818 91500
1691439277412 0.00010095300690108447 92000
1691439480737 9.930989155438713e-05 92500
1691439638595 9.766677620768978e-05 93000
1691439841739 9.602366086099245e-05 93500
1691439999655 9.43805455142951e-05 94000
1691440202773 9.273743016759777e-05 94500
1691440360556 9.109431482090043e-05 95000
1691440563655 8.94511994742031e-05 95500
1691440721531 8.780808412750575e-05 96000
1691440924368 8.616496878080842e-05 96500
1691441081993 8.452185343411107e-05 97000
1691441284790 8.287873808741374e-05 97500
1691441442531 8.123562274071639e-05 98000
1691441645399 7.959250739401907e-05 98500
1691441803070 7.794939204732173e-05 99000
1691442005899 7.630627670062439e-05 99500
1691442163705 7.466316135392705e-05 100000
1691442367664 7.302004600722971e-05 100500
1691442525442 7.137693066053237e-05 101000
1691442728313 6.973381531383503e-05 101500
1691442886094 6.80906999671377e-05 102000
1691443089460 6.644758462044037e-05 102500
1691443247299 6.480446927374302e-05 103000
1691443450786 6.316135392704568e-05 103500
1691443608629 6.151823858034834e-05 104000
1691443811987 5.987512323365101e-05 104500
1691443969845 5.8232007886953664e-05 105000
1691444173122 5.658889254025633e-05 105500
1691444331039 5.494577719355899e-05 106000
1691444534470 5.330266184686166e-05 106500
1691444692267 5.165954650016431e-05 107000
1691444895795 5.0016431153466984e-05 107500
1691445053697 4.837331580676964e-05 108000
1691445257198 4.67302004600723e-05 108500
1691445415039 4.508708511337496e-05 109000
1691445618591 4.344396976667762e-05 109500
1691445776472 4.180085441998028e-05 110000
1691445981232 4.015773907328295e-05 110500
1691446139018 3.851462372658561e-05 111000
1691446342635 3.687150837988827e-05 111500
1691446500459 3.522839303319093e-05 112000
1691446704044 3.3585277686493596e-05 112500
1691446861933 3.1942162339796255e-05 113000
1691447065506 3.029904699309892e-05 113500
1691447223258 2.865593164640158e-05 114000
1691447426790 2.7012816299704242e-05 114500
1691447584669 2.53697009530069e-05 115000
1691447788179 2.3726585606309565e-05 115500
1691447945899 2.2083470259612228e-05 116000
1691448149423 2.0440354912914888e-05 116500
1691448307200 1.879723956621755e-05 117000
1691448510583 1.715412421952021e-05 117500
1691448668254 1.5511008872822874e-05 118000
1691448871644 1.3867893526125536e-05 118500
1691449029413 1.2224778179428197e-05 119000
1691449232956 1.0581662832730859e-05 119500
1691449390691 8.93854748603352e-06 120000
1691449595417 7.295432139336182e-06 120500
1691449753237 5.652316792638843e-06 121000
1691449956560 4.009201445941505e-06 121500
1691450114325 2.366086099244167e-06 122000
1691450317676 7.229707525468288e-07 122500
