1691405736104 1.1026 500
1691405893160 0.5456 1000
1691406095042 0.4354 1500
1691406252454 0.4143 2000
1691406455111 0.3936 2500
1691406612236 0.385 3000
1691406815210 0.378 3500
1691406972650 0.3809 4000
1691407176296 0.3839 4500
1691407333856 0.385 5000
1691407537003 0.3745 5500
1691407694817 0.3558 6000
1691407897999 0.3666 6500
1691408055966 0.3506 7000
1691408258732 0.3556 7500
1691408416636 0.3518 8000
1691408619943 0.3483 8500
1691408777835 0.3568 9000
1691408981975 0.3573 9500
1691409140064 0.3516 10000
1691409348118 0.3491 10500
1691409506190 0.3475 11000
1691409710001 0.3501 11500
1691409868333 0.3383 12000
1691410072116 0.3434 12500
1691410230468 0.3326 13000
1691410434353 0.3383 13500
1691410592745 0.3397 14000
1691410797012 0.3326 14500
1691410955546 0.337 15000
1691411159777 0.3346 15500
1691411318401 0.3358 16000
1691411522185 0.336 16500
1691411680908 0.3274 17000
1691411885351 0.3319 17500
1691412043878 0.328 18000
1691412248453 0.3405 18500
1691412406983 0.3353 19000
1691412610973 0.3294 19500
1691412769605 0.327 20000
1691412974959 0.3385 20500
1691413133889 0.3328 21000
1691413337452 0.3177 21500
1691413496476 0.3283 22000
1691413701534 0.337 22500
1691413860895 0.3352 23000
1691414065374 0.3275 23500
1691414224285 0.33 24000
1691414428551 0.3261 24500
1691414587341 0.3085 25000
1691414792639 0.3165 25500
1691414952217 0.3083 26000
1691415157516 0.3063 26500
1691415317213 0.3216 27000
1691415522595 0.3205 27500
1691415682933 0.3391 28000
1691415887764 0.3229 28500
1691416046935 0.3232 29000
1691416250940 0.3144 29500
1691416410207 0.3263 30000
1691416620113 0.3261 30500
1691416779760 0.3143 31000
1691416985792 0.3122 31500
1691417145940 0.3324 32000
1691417352140 0.3185 32500
1691417512343 0.3196 33000
1691417719127 0.3264 33500
1691417880146 0.319 34000
1691418086087 0.3124 34500
1691418245920 0.3222 35000
1691418451072 0.3306 35500
1691418610719 0.3116 36000
1691418816242 0.3143 36500
1691418976778 0.3152 37000
1691419182450 0.304 37500
1691419342025 0.3003 38000
1691419548368 0.3108 38500
1691419708049 0.2997 39000
1691419915880 0.3127 39500
1691420081641 0.3056 40000
1691420293148 0.2983 40500
1691420453961 0.3107 41000
1691420660667 0.3118 41500
1691420823091 0.317 42000
1691421034151 0.3165 42500
1691421199507 0.3168 43000
1691421412485 0.3127 43500
1691421578614 0.3126 44000
1691421793377 0.3086 44500
1691421960912 0.3137 45000
1691422177979 0.3127 45500
1691422346176 0.3074 46000
1691422565074 0.3159 46500
1691422730832 0.3189 47000
1691422942831 0.3099 47500
1691423108057 0.3109 48000
1691423320612 0.3058 48500
1691423487186 0.311 49000
1691423696335 0.293 49500
1691423858682 0.2968 50000
1691424072024 0.2902 50500
1691424233671 0.2852 51000
1691424441287 0.2974 51500
1691424603252 0.3037 52000
1691424811947 0.3024 52500
1691424973239 0.3071 53000
1691425182368 0.3027 53500
1691425343401 0.2898 54000
1691425551717 0.298 54500
1691425713908 0.3053 55000
1691425920965 0.295 55500
1691426082015 0.2981 56000
1691426291026 0.308 56500
1691426452311 0.2886 57000
1691426661473 0.3073 57500
1691426822483 0.2972 58000
1691427030727 0.303 58500
1691427192242 0.2967 59000
1691427400920 0.2951 59500
1691427562519 0.3037 60000
1691427777057 0.2909 60500
1691427938792 0.3028 61000
1691428146826 0.2883 61500
1691428308271 0.2785 62000
1691428517513 0.2826 62500
1691428679160 0.2852 63000
1691428887297 0.2933 63500
1691429048830 0.2853 64000
1691429257316 0.2914 64500
1691429419614 0.2865 65000
1691429627178 0.2927 65500
1691429788356 0.289 66000
1691429997314 0.2882 66500
1691430157937 0.2872 67000
1691430365417 0.2892 67500
1691430527058 0.2891 68000
1691430736389 0.2856 68500
1691430898002 0.2875 69000
1691431105788 0.286 69500
1691431267695 0.3011 70000
1691431480741 0.2957 70500
1691431643000 0.2888 71000
1691431852641 0.2832 71500
1691432013797 0.283 72000
1691432223547 0.2873 72500
1691432385245 0.289 73000
1691432593612 0.2807 73500
1691432755470 0.2713 74000
1691432963802 0.2801 74500
1691433125969 0.2725 75000
1691433332296 0.2746 75500
1691433489974 0.2734 76000
1691433693301 0.2742 76500
1691433851013 0.275 77000
1691434054352 0.274 77500
1691434212119 0.2753 78000
1691434415503 0.2741 78500
1691434573156 0.2861 79000
1691434776611 0.2764 79500
1691434934411 0.2726 80000
1691435143215 0.2784 80500
1691435300860 0.2841 81000
1691435503540 0.2803 81500
1691435661217 0.2785 82000
1691435863983 0.2727 82500
1691436021739 0.279 83000
1691436224072 0.2755 83500
1691436381192 0.2817 84000
1691436584696 0.2681 84500
1691436743104 0.2752 85000
1691436947178 0.2738 85500
1691437105512 0.2743 86000
1691437309633 0.2607 86500
1691437468063 0.2688 87000
1691437672278 0.2588 87500
1691437830624 0.2571 88000
1691438034808 0.2665 88500
1691438192942 0.2606 89000
1691438396533 0.257 89500
1691438554388 0.2577 90000
1691438758833 0.2636 90500
1691438916514 0.272 91000
1691439119670 0.2575 91500
1691439277411 0.2684 92000
1691439480736 0.2627 92500
1691439638595 0.2512 93000
1691439841738 0.2638 93500
1691439999654 0.2689 94000
1691440202773 0.2634 94500
1691440360555 0.2691 95000
1691440563655 0.2588 95500
1691440721530 0.2629 96000
1691440924368 0.2682 96500
1691441081993 0.2688 97000
1691441284790 0.2583 97500
1691441442531 0.2642 98000
1691441645398 0.2538 98500
1691441803070 0.2494 99000
1691442005898 0.2557 99500
1691442163704 0.2461 100000
1691442367664 0.2557 100500
1691442525442 0.2494 101000
1691442728313 0.2435 101500
1691442886094 0.2465 102000
1691443089459 0.2579 102500
1691443247298 0.2527 103000
1691443450786 0.256 103500
1691443608628 0.252 104000
1691443811986 0.2476 104500
1691443969844 0.2488 105000
1691444173121 0.2471 105500
1691444331038 0.2602 106000
1691444534470 0.2514 106500
1691444692267 0.2514 107000
1691444895795 0.2539 107500
1691445053696 0.2486 108000
1691445257197 0.2606 108500
1691445415038 0.2592 109000
1691445618591 0.2502 109500
1691445776472 0.2588 110000
1691445981231 0.2422 110500
1691446139018 0.2424 111000
1691446342634 0.2302 111500
1691446500458 0.246 112000
1691446704043 0.2384 112500
1691446861933 0.243 113000
1691447065506 0.2491 113500
1691447223258 0.2444 114000
1691447426790 0.2327 114500
1691447584669 0.2425 115000
1691447788179 0.232 115500
1691447945898 0.243 116000
1691448149422 0.2385 116500
1691448307199 0.2384 117000
1691448510582 0.2442 117500
1691448668254 0.2359 118000
1691448871644 0.235 118500
1691449029412 0.2377 119000
1691449232956 0.2382 119500
1691449390691 0.2367 120000
1691449595416 0.2453 120500
1691449753236 0.2408 121000
1691449956559 0.2385 121500
1691450114324 0.2459 122000
1691450317676 0.2308 122500
