1691718937031 0.04 500
1691719094157 0.08 1000
1691719139787 0.08 1000
1691719297090 0.12 1500
1691719454316 0.16 2000
1691719499498 0.16 2000
1691719656959 0.2 2500
1691719814465 0.24 3000
1691719859542 0.24 3000
1691720017022 0.29 3500
1691720174523 0.33 4000
1691720220064 0.33 4000
1691720377708 0.37 4500
1691720535271 0.41 5000
1691720580954 0.41 5000
1691720738724 0.45 5500
1691720896397 0.49 6000
1691720941598 0.49 6000
1691721099290 0.53 6500
1691721257032 0.57 7000
1691721302613 0.57 7000
1691721460436 0.61 7500
1691721618360 0.65 8000
1691721663505 0.65 8000
1691721821449 0.69 8500
1691721979503 0.73 9000
1691722024639 0.73 9000
1691722182676 0.77 9500
1691722340775 0.81 10000
1691722386467 0.81 10000
1691722549550 0.86 10500
1691722707456 0.9 11000
1691722752644 0.9 11000
1691722910257 0.94 11500
1691723067752 0.98 12000
1691723112938 0.98 12000
1691723270543 1.02 12500
1691723428159 1.06 13000
1691723473299 1.06 13000
1691723631335 1.1 13500
1691723789720 1.14 14000
1691723834908 1.14 14000
1691723993345 1.18 14500
1691724151886 1.22 15000
1691724197050 1.22 15000
1691724355542 1.26 15500
1691724514184 1.3 16000
1691724559357 1.3 16000
1691724717896 1.34 16500
1691724876568 1.39 17000
1691724921805 1.39 17000
1691725080366 1.43 17500
1691725238999 1.47 18000
1691725284160 1.47 18000
1691725442983 1.51 18500
1691725601713 1.55 19000
1691725646953 1.55 19000
1691725805805 1.59 19500
1691725964721 1.63 20000
1691726012192 1.63 20000
1691726175359 1.67 20500
1691726334191 1.71 21000
1691726379385 1.71 21000
1691726538435 1.75 21500
1691726697528 1.79 22000
1691726742727 1.79 22000
1691726901818 1.83 22500
1691727060901 1.87 23000
1691727106394 1.87 23000
1691727265465 1.91 23500
1691727424710 1.96 24000
1691727469947 1.96 24000
1691727629186 2.0 24500
1691727788592 2.04 25000
1691727833763 2.04 25000
1691727993001 2.08 25500
1691728152225 2.12 26000
1691728197714 2.12 26000
1691728357108 2.16 26500
1691728516606 2.2 27000
1691728561780 2.2 27000
1691728721281 2.24 27500
1691728880559 2.28 28000
1691728925765 2.28 28000
1691729084805 2.32 28500
1691729244563 2.36 29000
1691729290223 2.36 29000
1691729449966 2.4 29500
1691729609785 2.44 30000
1691729658220 2.44 30000
1691729822205 2.49 30500
1691729982014 2.53 31000
1691730030502 2.53 31000
1691730190261 2.57 31500
1691730350516 2.61 32000
1691730396207 2.61 32000
1691730556863 2.65 32500
1691730716419 2.69 33000
1691730761639 2.69 33000
1691730920859 2.73 33500
1691731080433 2.77 34000
1691731125982 2.77 34000
1691731286804 2.81 34500
1691731447511 2.85 35000
1691731493196 2.85 35000
1691731654179 2.89 35500
1691731815038 2.93 36000
1691731860929 2.93 36000
1691732021923 2.97 36500
1691732183089 3.01 37000
1691732228880 3.01 37000
1691732388821 3.06 37500
1691732548652 3.1 38000
1691732594381 3.1 38000
1691732757885 3.14 38500
1691732918461 3.18 39000
1691732966519 3.18 39000
1691733126970 3.22 39500
1691733287570 3.26 40000
1691733334346 3.26 40000
1691733499183 3.3 40500
1691733659814 3.34 41000
1691733705439 3.34 41000
1691733866282 3.38 41500
1691734026989 3.42 42000
1691734072820 3.42 42000
1691734233649 3.46 42500
1691734394590 3.5 43000
1691734440458 3.5 43000
1691734601384 3.54 43500
1691734762305 3.59 44000
1691734808066 3.59 44000
1691734968953 3.63 44500
1691735129962 3.67 45000
1691735178054 3.67 45000
1691735370050 3.71 45500
1691735673767 3.75 46000
1691735748613 3.75 46000
1691736053416 3.79 46500
1691736360011 3.83 47000
1691736408534 3.83 47000
1691736607367 3.87 47500
1691736910726 3.91 48000
1691736985059 3.91 48000
1691737286929 3.95 48500
1691737595550 3.99 49000
1691737666717 3.99 49000
1691737968246 4.03 49500
1691738207870 4.07 50000
1691738252753 4.07 50000
1691738440821 4.12 50500
1691738741070 4.16 51000
1691738811611 4.16 51000
1691739109190 4.2 51500
1691739410833 4.24 52000
1691739481803 4.24 52000
1691739783596 4.28 52500
1691740033085 4.32 53000
1691740078644 4.32 53000
1691740236937 4.36 53500
1691740394173 4.4 54000
1691740439433 4.4 54000
1691740596673 4.44 54500
1691740754823 4.48 55000
1691740800370 4.48 55000
1691740958472 4.52 55500
1691741117659 4.56 56000
1691741163256 4.56 56000
1691741321579 4.6 56500
1691741479427 4.64 57000
1691741524530 4.64 57000
1691741681677 4.69 57500
1691741838743 4.73 58000
1691741884057 4.73 58000
