1691718937031 0.0002 500
1691719094156 0.0004 1000
1691719297089 0.00039764439837934606 1500
1691719454316 0.0003952887967586922 2000
1691719656959 0.00039293319513803826 2500
1691719814464 0.00039057759351738435 3000
1691720017022 0.00038822199189673045 3500
1691720174522 0.00038586639027607655 4000
1691720377708 0.0003835107886554226 4500
1691720535271 0.0003811551870347687 5000
1691720738723 0.0003787995854141148 5500
1691720896396 0.0003764439837934609 6000
1691721099290 0.0003740883821728069 6500
1691721257032 0.0003717327805521531 7000
1691721460435 0.0003693771789314991 7500
1691721618359 0.0003670215773108452 8000
1691721821449 0.0003646659756901913 8500
1691721979503 0.00036231037406953735 9000
1691722182676 0.00035995477244888345 9500
1691722340775 0.00035759917082822955 10000
1691722549549 0.00035524356920757565 10500
1691722707456 0.0003528879675869217 11000
1691722910257 0.00035053236596626784 11500
1691723067751 0.0003481767643456139 12000
1691723270543 0.00034582116272496 12500
1691723428159 0.0003434655611043061 13000
1691723631335 0.0003411099594836521 13500
1691723789720 0.0003387543578629982 14000
1691723993344 0.0003363987562423443 14500
1691724151885 0.0003340431546216904 15000
1691724355541 0.00033168755300103645 15500
1691724514184 0.00032933195138038255 16000
1691724717896 0.00032697634975972865 16500
1691724876568 0.00032462074813907474 17000
1691725080366 0.0003222651465184208 17500
1691725238999 0.00031990954489776694 18000
1691725442982 0.000317553943277113 18500
1691725601713 0.0003151983416564591 19000
1691725805804 0.0003128427400358052 19500
1691725964720 0.0003104871384151512 20000
1691726175359 0.0003081315367944973 20500
1691726334191 0.0003057759351738434 21000
1691726538435 0.0003034203335531895 21500
1691726697527 0.00030106473193253555 22000
1691726901818 0.0002987091303118817 22500
1691727060901 0.00029635352869122775 23000
1691727265464 0.00029399792707057384 23500
1691727424710 0.00029164232544991994 24000
1691727629186 0.00028928672382926604 24500
1691727788591 0.0002869311222086121 25000
1691727993000 0.0002845755205879582 25500
1691728152224 0.0002822199189673043 26000
1691728357107 0.0002798643173466503 26500
1691728516606 0.0002775087157259964 27000
1691728721281 0.0002751531141053425 27500
1691728880559 0.0002727975124846886 28000
1691729084805 0.00027044191086403465 28500
1691729244562 0.0002680863092433808 29000
1691729449965 0.00026573070762272684 29500
1691729609784 0.00026337510600207294 30000
1691729822204 0.00026101950438141904 30500
1691729982014 0.00025866390276076514 31000
1691730190260 0.0002563083011401112 31500
1691730350515 0.0002539526995194573 32000
1691730556863 0.00025159709789880337 32500
1691730716418 0.0002492414962781494 33000
1691730920859 0.00024688589465749557 33500
1691731080433 0.0002445302930368416 34000
1691731286803 0.0002421746914161877 34500
1691731447510 0.00023981908979553378 35000
1691731654179 0.0002374634881748799 35500
1691731815038 0.00023510788655422594 36000
1691732021923 0.00023275228493357207 36500
1691732183089 0.00023039668331291814 37000
1691732388821 0.00022804108169226423 37500
1691732548651 0.0002256854800716103 38000
1691732757884 0.00022332987845095637 38500
1691732918461 0.00022097427683030247 39000
1691733126969 0.00021861867520964854 39500
1691733287570 0.00021626307358899464 40000
1691733499183 0.0002139074719683407 40500
1691733659814 0.00021155187034768683 41000
1691733866282 0.00020919626872703288 41500
1691734026988 0.000206840667106379 42000
1691734233648 0.00020448506548572507 42500
1691734394590 0.00020212946386507117 43000
1691734601384 0.00019977386224441724 43500
1691734762305 0.0001974182606237633 44000
1691734968953 0.0001950626590031094 44500
1691735129961 0.0001927070573824555 45000
1691735370050 0.00019035145576180157 45500
1691735673767 0.00018799585414114767 46000
1691736053415 0.00018564025252049376 46500
1691736360011 0.00018328465089983983 47000
1691736607367 0.0001809290492791859 47500
1691736910725 0.000178573447658532 48000
1691737286929 0.00017621784603787807 48500
1691737595549 0.00017386224441722417 49000
1691737968245 0.00017150664279657024 49500
1691738207869 0.00016915104117591634 50000
1691738440820 0.00016679543955526243 50500
1691738741070 0.0001644398379346085 51000
1691739109190 0.0001620842363139546 51500
1691739410833 0.0001597286346933007 52000
1691739783596 0.00015737303307264677 52500
1691740033084 0.00015501743145199286 53000
1691740236937 0.00015266182983133893 53500
1691740394173 0.000150306228210685 54000
1691740596673 0.0001479506265900311 54500
1691740754823 0.00014559502496937717 55000
1691740958472 0.00014323942334872327 55500
1691741117659 0.00014088382172806936 56000
1691741321579 0.00013852822010741543 56500
1691741479426 0.00013617261848676153 57000
1691741681677 0.0001338170168661076 57500
1691741838743 0.0001314614152454537 58000
