1691718937030 1.1062 500
1691719094156 0.5528 1000
1691719297089 0.4349 1500
1691719454316 0.4071 2000
1691719656958 0.405 2500
1691719814464 0.3811 3000
1691720017021 0.3878 3500
1691720174522 0.3778 4000
1691720377708 0.3901 4500
1691720535270 0.3661 5000
1691720738723 0.3638 5500
1691720896396 0.3639 6000
1691721099289 0.3655 6500
1691721257031 0.3621 7000
1691721460435 0.3452 7500
1691721618359 0.3563 8000
1691721821448 0.3446 8500
1691721979502 0.3585 9000
1691722182675 0.3475 9500
1691722340774 0.3494 10000
1691722549549 0.3492 10500
1691722707456 0.3522 11000
1691722910256 0.3501 11500
1691723067751 0.3356 12000
1691723270542 0.347 12500
1691723428158 0.3416 13000
1691723631335 0.3369 13500
1691723789719 0.3222 14000
1691723993344 0.3341 14500
1691724151885 0.3319 15000
1691724355541 0.3309 15500
1691724514183 0.3303 16000
1691724717895 0.3301 16500
1691724876567 0.3366 17000
1691725080366 0.325 17500
1691725238998 0.3263 18000
1691725442982 0.337 18500
1691725601712 0.3303 19000
1691725805804 0.3321 19500
1691725964720 0.3273 20000
1691726175358 0.3231 20500
1691726334190 0.3277 21000
1691726538434 0.3193 21500
1691726697527 0.3317 22000
1691726901817 0.3247 22500
1691727060900 0.3199 23000
1691727265464 0.3241 23500
1691727424709 0.3277 24000
1691727629185 0.3205 24500
1691727788591 0.308 25000
1691727993000 0.314 25500
1691728152224 0.3092 26000
1691728357107 0.3214 26500
1691728516605 0.3124 27000
1691728721280 0.3178 27500
1691728880558 0.317 28000
1691729084804 0.3078 28500
1691729244562 0.3088 29000
1691729449965 0.3197 29500
1691729609784 0.3181 30000
1691729822204 0.3159 30500
1691729982013 0.3178 31000
1691730190260 0.3133 31500
1691730350515 0.3161 32000
1691730556863 0.3139 32500
1691730716418 0.3125 33000
1691730920858 0.3201 33500
1691731080432 0.307 34000
1691731286803 0.3051 34500
1691731447510 0.3087 35000
1691731654178 0.3098 35500
1691731815037 0.3204 36000
1691732021922 0.3129 36500
1691732183088 0.3091 37000
1691732388820 0.2988 37500
1691732548651 0.293 38000
1691732757884 0.303 38500
1691732918460 0.3003 39000
1691733126969 0.2992 39500
1691733287569 0.3022 40000
1691733499182 0.3109 40500
1691733659813 0.2907 41000
1691733866281 0.3046 41500
1691734026988 0.2971 42000
1691734233648 0.308 42500
1691734394589 0.3015 43000
1691734601383 0.298 43500
1691734762304 0.3027 44000
1691734968952 0.3067 44500
1691735129961 0.2961 45000
1691735370049 0.3003 45500
1691735673766 0.3017 46000
1691736053415 0.2967 46500
1691736360010 0.3068 47000
1691736607367 0.2848 47500
1691736910725 0.303 48000
1691737286928 0.2985 48500
1691737595549 0.2935 49000
1691737968245 0.2945 49500
1691738207869 0.2874 50000
1691738440820 0.2884 50500
1691738741069 0.2854 51000
1691739109189 0.2852 51500
1691739410832 0.2926 52000
1691739783595 0.2819 52500
1691740033084 0.2867 53000
1691740236937 0.2854 53500
1691740394173 0.2952 54000
1691740596672 0.283 54500
1691740754822 0.2891 55000
1691740958471 0.2913 55500
1691741117658 0.286 56000
1691741321578 0.2813 56500
1691741479426 0.2853 57000
1691741681676 0.2884 57500
1691741838742 0.2873 58000
