1691111529855 0.04 500
1691111682901 0.08 1000
1691111728479 0.08 1000
1691111881588 0.12 1500
1691112033457 0.16 2000
1691112078374 0.16 2000
1691112231667 0.2 2500
1691112384687 0.24 3000
1691112429663 0.24 3000
1691112581955 0.29 3500
1691112734346 0.33 4000
1691112779311 0.33 4000
1691112932007 0.37 4500
1691113085281 0.41 5000
1691113130311 0.41 5000
1691113283575 0.45 5500
1691113436984 0.49 6000
1691113484936 0.49 6000
1691113637710 0.53 6500
1691113790650 0.57 7000
1691113842763 0.57 7000
1691113996383 0.61 7500
1691114149260 0.65 8000
1691114197332 0.65 8000
1691114350448 0.69 8500
1691114503566 0.73 9000
1691114548740 0.73 9000
1691114701885 0.77 9500
1691114855517 0.81 10000
1691114900802 0.81 10000
1691115057225 0.86 10500
1691115215617 0.9 11000
1691115261076 0.9 11000
1691115416392 0.94 11500
1691115570333 0.98 12000
1691115615371 0.98 12000
1691115769211 1.02 12500
1691115925730 1.06 13000
1691115970882 1.06 13000
1691116124782 1.1 13500
1691116278936 1.14 14000
1691116324066 1.14 14000
1691116478277 1.18 14500
1691116632803 1.22 15000
1691116677817 1.22 15000
1691116832455 1.26 15500
1691116986898 1.3 16000
1691117032455 1.3 16000
1691117187845 1.34 16500
1691117343306 1.39 17000
1691117388787 1.39 17000
1691117544842 1.43 17500
1691117699492 1.47 18000
1691117744584 1.47 18000
1691117899174 1.51 18500
1691118053618 1.55 19000
1691118098593 1.55 19000
1691118256893 1.59 19500
1691118420296 1.63 20000
1691118466341 1.63 20000
1691118628985 1.67 20500
1691118787805 1.71 21000
1691118833235 1.71 21000
1691119003060 1.75 21500
1691119207343 1.79 22000
1691119254697 1.79 22000
1691119426643 1.83 22500
1691119605594 1.87 23000
1691119653314 1.87 23000
1691119845416 1.91 23500
1691120018926 1.96 24000
1691120066770 1.96 24000
1691120276683 2.0 24500
1691120452338 2.04 25000
1691120498528 2.04 25000
1691120693279 2.08 25500
1691120890795 2.12 26000
1691120937134 2.12 26000
1691121113534 2.16 26500
1691121276711 2.2 27000
1691121321750 2.2 27000
1691121481145 2.24 27500
1691121664252 2.28 28000
1691121709249 2.28 28000
1691121880715 2.32 28500
1691122042750 2.36 29000
1691122087705 2.36 29000
1691122243521 2.4 29500
1691122398626 2.44 30000
1691122443995 2.44 30000
1691122599764 2.49 30500
1691122753474 2.53 31000
1691122798857 2.53 31000
1691122952541 2.57 31500
1691123106013 2.61 32000
1691123151383 2.61 32000
1691123304681 2.65 32500
1691123457924 2.69 33000
1691123503287 2.69 33000
1691123657034 2.73 33500
1691123810753 2.77 34000
1691123856106 2.77 34000
1691124009792 2.81 34500
1691124163368 2.85 35000
1691124208721 2.85 35000
1691124362477 2.89 35500
1691124516128 2.93 36000
1691124561507 2.93 36000
1691124715124 2.97 36500
1691124868616 3.01 37000
1691124913862 3.01 37000
1691125066529 3.06 37500
1691125219639 3.1 38000
1691125264469 3.1 38000
1691125417650 3.14 38500
1691125570637 3.18 39000
1691125615996 3.18 39000
1691125769124 3.22 39500
1691125922225 3.26 40000
1691125967648 3.26 40000
1691126121891 3.3 40500
1691126274899 3.34 41000
1691126320323 3.34 41000
1691126473456 3.38 41500
1691126626554 3.42 42000
1691126671988 3.42 42000
1691126825135 3.46 42500
1691126978096 3.5 43000
1691127023525 3.5 43000
1691127176650 3.54 43500
1691127329725 3.59 44000
1691127375169 3.59 44000
1691127528218 3.63 44500
1691127682903 3.67 45000
1691127728745 3.67 45000
1691127881898 3.71 45500
1691128034353 3.75 46000
1691128079240 3.75 46000
1691128232039 3.79 46500
1691128384373 3.83 47000
1691128429236 3.83 47000
1691128581711 3.87 47500
1691128734776 3.91 48000
1691128779981 3.91 48000
1691128933098 3.95 48500
1691129086438 3.99 49000
1691129131486 3.99 49000
1691129284067 4.03 49500
1691129436542 4.07 50000
1691129481452 4.07 50000
1691129635614 4.12 50500
1691129788719 4.16 51000
1691129833535 4.16 51000
1691129986450 4.2 51500
1691130138785 4.24 52000
1691130183554 4.24 52000
1691130335974 4.28 52500
1691130488928 4.32 53000
1691130533651 4.32 53000
1691130686062 4.36 53500
1691130838430 4.4 54000
1691130883285 4.4 54000
1691131036794 4.44 54500
1691131190942 4.48 55000
1691131236330 4.48 55000
1691131390395 4.52 55500
1691131544295 4.56 56000
1691131589602 4.56 56000
1691131743321 4.6 56500
1691131896934 4.64 57000
1691131942193 4.64 57000
1691132095774 4.69 57500
1691132249287 4.73 58000
1691132294400 4.73 58000
1691132448002 4.77 58500
1691132601615 4.81 59000
1691132646862 4.81 59000
1691132799737 4.85 59500
1691132952100 4.89 60000
1691132996996 4.89 60000
1691133151241 4.93 60500
1691133304342 4.97 61000
1691133349638 4.97 61000
1691133502769 5.01 61500
1691133655662 5.05 62000
1691133700486 5.05 62000
1691133853594 5.09 62500
1691134006615 5.13 63000
1691134051453 5.13 63000
1691134204599 5.17 63500
1691134357570 5.22 64000
1691134403005 5.22 64000
1691134556110 5.26 64500
1691134709140 5.3 65000
1691134754025 5.3 65000
1691134907101 5.34 65500
1691135060064 5.38 66000
1691135105426 5.38 66000
1691135258632 5.42 66500
1691135411738 5.46 67000
1691135457104 5.46 67000
1691135610283 5.5 67500
1691135763301 5.54 68000
1691135808704 5.54 68000
1691135961875 5.58 68500
1691136115011 5.62 69000
1691136160427 5.62 69000
1691136313650 5.66 69500
1691136466771 5.7 70000
1691136512285 5.7 70000
1691136666621 5.74 70500
1691136819825 5.79 71000
1691136865252 5.79 71000
1691137018491 5.83 71500
1691137171579 5.87 72000
1691137216982 5.87 72000
1691137370196 5.91 72500
1691137523353 5.95 73000
1691137568739 5.95 73000
1691137721906 5.99 73500
1691137875029 6.03 74000
1691137920415 6.03 74000
1691138073620 6.07 74500
1691138226758 6.11 75000
1691138272131 6.11 75000
1691138425477 6.15 75500
1691138578794 6.19 76000
1691138624236 6.19 76000
1691138777823 6.23 76500
1691138931166 6.27 77000
1691138976083 6.27 77000
1691139129468 6.32 77500
1691139282790 6.36 78000
1691139327969 6.36 78000
1691139481011 6.4 78500
1691139634487 6.44 79000
1691139679475 6.44 79000
1691139832804 6.48 79500
1691139985868 6.52 80000
1691140030789 6.52 80000
1691140184502 6.56 80500
1691140337096 6.6 81000
1691140382743 6.6 81000
1691140536758 6.64 81500
1691140689928 6.68 82000
1691140734765 6.68 82000
1691140887297 6.72 82500
1691141040073 6.76 83000
1691141084980 6.76 83000
1691141238286 6.8 83500
1691141390880 6.84 84000
1691141435891 6.84 84000
1691141592417 6.89 84500
1691141746835 6.93 85000
1691141791693 6.93 85000
1691141945581 6.97 85500
1691142069651 7.0 85904
1691142116553 7.0 85904
1691142162530 7.0 85904
