1691111529855 0.0002 500
1691111682900 0.0004 1000
1691111881587 0.00039764439837934606 1500
1691112033456 0.0003952887967586922 2000
1691112231666 0.00039293319513803826 2500
1691112384687 0.00039057759351738435 3000
1691112581954 0.00038822199189673045 3500
1691112734345 0.00038586639027607655 4000
1691112932007 0.0003835107886554226 4500
1691113085280 0.0003811551870347687 5000
1691113283575 0.0003787995854141148 5500
1691113436984 0.0003764439837934609 6000
1691113637710 0.0003740883821728069 6500
1691113790650 0.0003717327805521531 7000
1691113996382 0.0003693771789314991 7500
1691114149259 0.0003670215773108452 8000
1691114350439 0.0003646659756901913 8500
1691114503566 0.00036231037406953735 9000
1691114701885 0.00035995477244888345 9500
1691114855517 0.00035759917082822955 10000
1691115057075 0.00035524356920757565 10500
1691115215616 0.0003528879675869217 11000
1691115416392 0.00035053236596626784 11500
1691115570331 0.0003481767643456139 12000
1691115769211 0.00034582116272496 12500
1691115925689 0.0003434655611043061 13000
1691116124757 0.0003411099594836521 13500
1691116278936 0.0003387543578629982 14000
1691116478277 0.0003363987562423443 14500
1691116632803 0.0003340431546216904 15000
1691116832455 0.00033168755300103645 15500
1691116986898 0.00032933195138038255 16000
1691117187844 0.00032697634975972865 16500
1691117343306 0.00032462074813907474 17000
1691117544841 0.0003222651465184208 17500
1691117699492 0.00031990954489776694 18000
1691117899174 0.000317553943277113 18500
1691118053618 0.0003151983416564591 19000
1691118256892 0.0003128427400358052 19500
1691118420295 0.0003104871384151512 20000
1691118628984 0.0003081315367944973 20500
1691118787804 0.0003057759351738434 21000
1691119003060 0.0003034203335531895 21500
1691119207342 0.00030106473193253555 22000
1691119426642 0.0002987091303118817 22500
1691119605593 0.00029635352869122775 23000
1691119845416 0.00029399792707057384 23500
1691120018925 0.00029164232544991994 24000
1691120276682 0.00028928672382926604 24500
1691120452338 0.0002869311222086121 25000
1691120693278 0.0002845755205879582 25500
1691120890795 0.0002822199189673043 26000
1691121113534 0.0002798643173466503 26500
1691121276711 0.0002775087157259964 27000
1691121481145 0.0002751531141053425 27500
1691121664251 0.0002727975124846886 28000
1691121880714 0.00027044191086403465 28500
1691122042749 0.0002680863092433808 29000
1691122243521 0.00026573070762272684 29500
1691122398626 0.00026337510600207294 30000
1691122599763 0.00026101950438141904 30500
1691122753474 0.00025866390276076514 31000
1691122952541 0.0002563083011401112 31500
1691123106013 0.0002539526995194573 32000
1691123304680 0.00025159709789880337 32500
1691123457924 0.0002492414962781494 33000
1691123657033 0.00024688589465749557 33500
1691123810752 0.0002445302930368416 34000
1691124009791 0.0002421746914161877 34500
1691124163368 0.00023981908979553378 35000
1691124362477 0.0002374634881748799 35500
1691124516128 0.00023510788655422594 36000
1691124715123 0.00023275228493357207 36500
1691124868615 0.00023039668331291814 37000
1691125066529 0.00022804108169226423 37500
1691125219639 0.0002256854800716103 38000
1691125417649 0.00022332987845095637 38500
1691125570637 0.00022097427683030247 39000
1691125769124 0.00021861867520964854 39500
1691125922225 0.00021626307358899464 40000
1691126121891 0.0002139074719683407 40500
1691126274898 0.00021155187034768683 41000
1691126473456 0.00020919626872703288 41500
1691126626554 0.000206840667106379 42000
1691126825135 0.00020448506548572507 42500
1691126978096 0.00020212946386507117 43000
1691127176649 0.00019977386224441724 43500
1691127329724 0.0001974182606237633 44000
1691127528218 0.0001950626590031094 44500
1691127682902 0.0001927070573824555 45000
1691127881898 0.00019035145576180157 45500
1691128034353 0.00018799585414114767 46000
1691128232038 0.00018564025252049376 46500
1691128384373 0.00018328465089983983 47000
1691128581711 0.0001809290492791859 47500
1691128734775 0.000178573447658532 48000
1691128933098 0.00017621784603787807 48500
1691129086438 0.00017386224441722417 49000
1691129284067 0.00017150664279657024 49500
1691129436542 0.00016915104117591634 50000
1691129635614 0.00016679543955526243 50500
1691129788719 0.0001644398379346085 51000
1691129986450 0.0001620842363139546 51500
1691130138784 0.0001597286346933007 52000
1691130335974 0.00015737303307264677 52500
1691130488927 0.00015501743145199286 53000
1691130686061 0.00015266182983133893 53500
1691130838429 0.000150306228210685 54000
1691131036794 0.0001479506265900311 54500
1691131190942 0.00014559502496937717 55000
1691131390394 0.00014323942334872327 55500
1691131544294 0.00014088382172806936 56000
1691131743321 0.00013852822010741543 56500
1691131896933 0.00013617261848676153 57000
1691132095773 0.0001338170168661076 57500
1691132249287 0.0001314614152454537 58000
1691132448002 0.0001291058136247998 58500
1691132601614 0.00012675021200414586 59000
1691132799736 0.00012439461038349196 59500
1691132952100 0.00012203900876283803 60000
1691133151241 0.00011968340714218412 60500
1691133304342 0.0001173278055215302 61000
1691133502768 0.00011497220390087628 61500
1691133655661 0.00011261660228022237 62000
1691133853593 0.00011026100065956846 62500
1691134006615 0.00010790539903891455 63000
1691134204598 0.00010554979741826063 63500
1691134357570 0.00010319419579760671 64000
1691134556110 0.00010083859417695281 64500
1691134709140 9.848299255629888e-05 65000
1691134907101 9.612739093564496e-05 65500
1691135060064 9.377178931499106e-05 66000
1691135258632 9.141618769433714e-05 66500
1691135411738 8.906058607368323e-05 67000
1691135610283 8.67049844530293e-05 67500
1691135763300 8.43493828323754e-05 68000
1691135961874 8.199378121172148e-05 68500
1691136115011 7.963817959106756e-05 69000
1691136313650 7.728257797041364e-05 69500
1691136466771 7.492697634975974e-05 70000
1691136666621 7.257137472910581e-05 70500
1691136819824 7.02157731084519e-05 71000
1691137018490 6.786017148779799e-05 71500
1691137171579 6.550456986714408e-05 72000
1691137370195 6.314896824649016e-05 72500
1691137523353 6.079336662583624e-05 73000
1691137721906 5.843776500518232e-05 73500
1691137875029 5.608216338452841e-05 74000
1691138073619 5.372656176387449e-05 74500
1691138226758 5.137096014322058e-05 75000
1691138425477 4.901535852256667e-05 75500
1691138578793 4.665975690191275e-05 76000
1691138777823 4.4304155281258834e-05 76500
1691138931166 4.1948553660604924e-05 77000
1691139129468 3.9592952039951e-05 77500
1691139282790 3.723735041929709e-05 78000
1691139481011 3.4881748798643174e-05 78500
1691139634487 3.252614717798926e-05 79000
1691139832803 3.0170545557335345e-05 79500
1691139985868 2.781494393668143e-05 80000
1691140184502 2.5459342316027512e-05 80500
1691140337096 2.31037406953736e-05 81000
1691140536758 2.0748139074719685e-05 81500
1691140689927 1.839253745406577e-05 82000
1691140887297 1.6036935833411852e-05 82500
1691141040073 1.3681334212757941e-05 83000
1691141238286 1.1325732592104024e-05 83500
1691141390880 8.97013097145011e-06 84000
1691141592416 6.614529350796193e-06 84500
1691141746835 4.258927730142278e-06 85000
1691141945581 1.9033261094883636e-06 85500
