1691111529854 1.0909 500
1691111682900 0.5405 1000
1691111881587 0.4344 1500
1691112033456 0.4096 2000
1691112231666 0.3878 2500
1691112384686 0.3811 3000
1691112581954 0.3678 3500
1691112734345 0.3724 4000
1691112932007 0.3776 4500
1691113085280 0.3771 5000
1691113283575 0.3677 5500
1691113436983 0.3563 6000
1691113637710 0.3596 6500
1691113790649 0.3445 7000
1691113996382 0.3494 7500
1691114149259 0.353 8000
1691114350421 0.3431 8500
1691114503566 0.354 9000
1691114701884 0.3506 9500
1691114855517 0.3461 10000
1691115056470 0.3451 10500
1691115215616 0.3399 11000
1691115416391 0.3457 11500
1691115570304 0.3323 12000
1691115769210 0.3367 12500
1691115925635 0.3243 13000
1691116124729 0.3295 13500
1691116278935 0.3347 14000
1691116478276 0.3275 14500
1691116632802 0.331 15000
1691116832454 0.3311 15500
1691116986898 0.3285 16000
1691117187832 0.3301 16500
1691117343305 0.3289 17000
1691117544841 0.3245 17500
1691117699491 0.3243 18000
1691117899173 0.3357 18500
1691118053618 0.3266 19000
1691118256867 0.325 19500
1691118420279 0.3187 20000
1691118628968 0.325 20500
1691118787804 0.329 21000
1691119003040 0.3151 21500
1691119207284 0.3224 22000
1691119426642 0.3302 22500
1691119605572 0.322 23000
1691119845399 0.3182 23500
1691120018925 0.3209 24000
1691120276647 0.3187 24500
1691120452337 0.3017 25000
1691120693272 0.307 25500
1691120890794 0.3004 26000
1691121113534 0.2979 26500
1691121276711 0.315 27000
1691121481144 0.3097 27500
1691121664231 0.3242 28000
1691121880714 0.3067 28500
1691122042749 0.3151 29000
1691122243520 0.306 29500
1691122398625 0.3177 30000
1691122599763 0.3186 30500
1691122753473 0.2981 31000
1691122952540 0.302 31500
1691123106012 0.3197 32000
1691123304680 0.3088 32500
1691123457923 0.3075 33000
1691123657033 0.3159 33500
1691123810752 0.3069 34000
1691124009791 0.3054 34500
1691124163367 0.3091 35000
1691124362476 0.312 35500
1691124516127 0.2975 36000
1691124715123 0.3085 36500
1691124868615 0.2964 37000
1691125066528 0.297 37500
1691125219638 0.281 38000
1691125417649 0.2902 38500
1691125570636 0.2821 39000
1691125769123 0.2959 39500
1691125922224 0.2885 40000
1691126121891 0.2788 40500
1691126274898 0.2949 41000
1691126473456 0.296 41500
1691126626553 0.3041 42000
1691126825134 0.298 42500
1691126978095 0.2952 43000
1691127176649 0.2974 43500
1691127329724 0.2957 44000
1691127528217 0.295 44500
1691127682901 0.2917 45000
1691127881897 0.2943 45500
1691128034352 0.2925 46000
1691128232038 0.2955 46500
1691128384372 0.2971 47000
1691128581710 0.293 47500
1691128734775 0.2953 48000
1691128933097 0.2868 48500
1691129086437 0.2894 49000
1691129284067 0.2737 49500
1691129436541 0.2713 50000
1691129635613 0.2681 50500
1691129788718 0.2648 51000
1691129986449 0.2764 51500
1691130138784 0.2819 52000
1691130335974 0.2802 52500
1691130488927 0.2821 53000
1691130686061 0.2795 53500
1691130838429 0.2707 54000
1691131036794 0.2764 54500
1691131190941 0.2777 55000
1691131390394 0.2718 55500
1691131544294 0.2761 56000
1691131743320 0.2848 56500
1691131896933 0.2641 57000
1691132095773 0.2864 57500
1691132249287 0.2736 58000
1691132448001 0.2792 58500
1691132601614 0.2745 59000
1691132799736 0.2696 59500
1691132952099 0.2752 60000
1691133151240 0.2727 60500
1691133304341 0.2793 61000
1691133502768 0.2661 61500
1691133655661 0.2505 62000
1691133853593 0.2563 62500
1691134006614 0.2576 63000
1691134204598 0.267 63500
1691134357569 0.2625 64000
1691134556109 0.2641 64500
1691134709139 0.2585 65000
1691134907100 0.2633 65500
1691135060064 0.2579 66000
1691135258631 0.2627 66500
1691135411737 0.2581 67000
1691135610283 0.2587 67500
1691135763300 0.2578 68000
1691135961874 0.2566 68500
1691136115010 0.2593 69000
1691136313649 0.2574 69500
1691136466771 0.2711 70000
1691136666620 0.2651 70500
1691136819824 0.2583 71000
1691137018490 0.2551 71500
1691137171578 0.2528 72000
1691137370195 0.2551 72500
1691137523352 0.2547 73000
1691137721905 0.2509 73500
1691137875029 0.2446 74000
1691138073619 0.2497 74500
1691138226757 0.2386 75000
1691138425476 0.245 75500
1691138578778 0.2416 76000
1691138777822 0.2415 76500
1691138931165 0.2378 77000
1691139129467 0.2385 77500
1691139282790 0.2436 78000
1691139481011 0.2465 78500
1691139634486 0.2491 79000
1691139832803 0.2406 79500
1691139985867 0.2343 80000
1691140184502 0.243 80500
1691140337096 0.2434 81000
1691140536757 0.2445 81500
1691140689927 0.2417 82000
1691140887296 0.2352 82500
1691141040073 0.2375 83000
1691141238286 0.237 83500
1691141390879 0.241 84000
1691141592414 0.2307 84500
1691141746834 0.2345 85000
1691141945581 0.239 85500
