1691454815464 0.04 500
1691454968423 0.08 1000
1691455013997 0.08 1000
1691455167057 0.12 1500
1691455320011 0.16 2000
1691455365545 0.16 2000
1691455518683 0.2 2500
1691455671844 0.24 3000
1691455717378 0.24 3000
1691455870781 0.29 3500
1691456024002 0.33 4000
1691456069630 0.33 4000
1691456224442 0.37 4500
1691456380292 0.41 5000
1691456427726 0.41 5000
1691456584458 0.45 5500
1691456741308 0.49 6000
1691456789106 0.49 6000
1691456946480 0.53 6500
1691457103895 0.57 7000
1691457151992 0.57 7000
1691457310047 0.61 7500
1691457468253 0.65 8000
1691457516756 0.65 8000
1691457675385 0.69 8500
1691457834650 0.73 9000
1691457884448 0.73 9000
1691458042574 0.77 9500
1691458199005 0.81 10000
1691458244964 0.81 10000
1691458405699 0.86 10500
1691458562254 0.9 11000
1691458609349 0.9 11000
1691458767087 0.94 11500
1691458919867 0.98 12000
1691458965015 0.98 12000
1691459120985 1.02 12500
1691459275281 1.06 13000
1691459320381 1.06 13000
1691459473766 1.1 13500
1691459627481 1.14 14000
1691459672703 1.14 14000
1691459826649 1.18 14500
1691459980441 1.22 15000
1691460025600 1.22 15000
1691460179333 1.26 15500
1691460333121 1.3 16000
1691460378185 1.3 16000
1691460533021 1.34 16500
1691460689304 1.39 17000
1691460735884 1.39 17000
1691460892655 1.43 17500
1691461046569 1.47 18000
1691461091762 1.47 18000
1691461245558 1.51 18500
1691461399671 1.55 19000
1691461444730 1.55 19000
1691461598817 1.59 19500
1691461752945 1.63 20000
1691461798007 1.63 20000
1691461956801 1.67 20500
1691462111121 1.71 21000
1691462156266 1.71 21000
1691462310743 1.75 21500
1691462464970 1.79 22000
1691462510112 1.79 22000
1691462664547 1.83 22500
1691462818938 1.87 23000
1691462864086 1.87 23000
1691463018566 1.91 23500
1691463173099 1.96 24000
1691463218304 1.96 24000
1691463372958 2.0 24500
1691463527604 2.04 25000
1691463572792 2.04 25000
1691463727551 2.08 25500
1691463882207 2.12 26000
1691463927369 2.12 26000
1691464082199 2.16 26500
1691464237067 2.2 27000
1691464282241 2.2 27000
1691464437026 2.24 27500
1691464591697 2.28 28000
1691464636912 2.28 28000
1691464792024 2.32 28500
1691464947035 2.36 29000
1691464992279 2.36 29000
1691465147239 2.4 29500
1691465302354 2.44 30000
1691465347622 2.44 30000
1691465507137 2.49 30500
1691465662209 2.53 31000
1691465707436 2.53 31000
1691465862629 2.57 31500
1691466017732 2.61 32000
1691466062831 2.61 32000
1691466218167 2.65 32500
1691466373297 2.69 33000
1691466418316 2.69 33000
1691466573588 2.73 33500
1691466728918 2.77 34000
1691466774612 2.77 34000
1691466930041 2.81 34500
1691467085395 2.85 35000
1691467131118 2.85 35000
1691467286597 2.89 35500
1691467441989 2.93 36000
1691467487407 2.93 36000
1691467643115 2.97 36500
1691467798611 3.01 37000
1691467843689 3.01 37000
1691467998642 3.06 37500
1691468153592 3.1 38000
1691468198817 3.1 38000
1691468353945 3.14 38500
1691468508924 3.18 39000
1691468554015 3.18 39000
1691468709036 3.22 39500
1691468864132 3.26 40000
1691468909308 3.26 40000
1691469068954 3.3 40500
1691469224094 3.34 41000
1691469269214 3.34 41000
1691469424687 3.38 41500
1691469580614 3.42 42000
1691469625724 3.42 42000
1691469781821 3.46 42500
1691469937907 3.5 43000
1691469982964 3.5 43000
1691470139070 3.54 43500
1691470295058 3.59 44000
1691470340166 3.59 44000
1691470496453 3.63 44500
1691470652593 3.67 45000
1691470697692 3.67 45000
1691470853874 3.71 45500
1691471010098 3.75 46000
1691471055090 3.75 46000
1691471211372 3.79 46500
1691471367518 3.83 47000
1691471412601 3.83 47000
1691471568874 3.87 47500
1691471725047 3.91 48000
1691471770089 3.91 48000
1691471926393 3.95 48500
1691472082876 3.99 49000
1691472128018 3.99 49000
1691472281076 4.03 49500
1691472433547 4.07 50000
1691472478457 4.07 50000
1691472635240 4.12 50500
1691472787704 4.16 51000
1691472832738 4.16 51000
1691472985537 4.2 51500
1691473138759 4.24 52000
1691473183704 4.24 52000
1691473336772 4.28 52500
1691473489968 4.32 53000
1691473534956 4.32 53000
1691473688696 4.36 53500
1691473844233 4.4 54000
1691473890939 4.4 54000
1691474047659 4.44 54500
1691474204050 4.48 55000
1691474251282 4.48 55000
1691474409372 4.52 55500
1691474567435 4.56 56000
1691474615265 4.56 56000
1691474773704 4.6 56500
1691474932231 4.64 57000
1691474980699 4.64 57000
1691475139825 4.69 57500
1691475299183 4.73 58000
1691475347806 4.73 58000
1691475507124 4.77 58500
1691475666474 4.81 59000
1691475712931 4.81 59000
1691475870144 4.85 59500
1691476027883 4.89 60000
1691476074363 4.89 60000
1691476235827 4.93 60500
1691476393384 4.97 61000
1691476440701 4.97 61000
1691476598131 5.01 61500
1691476754894 5.05 62000
1691476801423 5.05 62000
1691476958451 5.09 62500
1691477116514 5.13 63000
1691477163223 5.13 63000
1691477320697 5.17 63500
1691477478110 5.22 64000
1691477525077 5.22 64000
1691477681743 5.26 64500
1691477838462 5.3 65000
1691477884535 5.3 65000
1691478040730 5.34 65500
1691478197579 5.38 66000
1691478243866 5.38 66000
1691478400428 5.42 66500
1691478556910 5.46 67000
1691478602877 5.46 67000
1691478759913 5.5 67500
1691478917404 5.54 68000
1691478963968 5.54 68000
1691479121294 5.58 68500
1691479279667 5.62 69000
1691479328413 5.62 69000
1691479508144 5.66 69500
1691479669885 5.7 70000
1691479715847 5.7 70000
1691479879831 5.74 70500
1691480038094 5.79 71000
1691480084583 5.79 71000
1691480241723 5.83 71500
1691480398787 5.87 72000
1691480445372 5.87 72000
1691480602280 5.91 72500
1691480759121 5.95 73000
1691480805554 5.95 73000
1691480962630 5.99 73500
1691481118811 6.03 74000
1691481165223 6.03 74000
1691481321822 6.07 74500
1691481478587 6.11 75000
1691481524792 6.11 75000
1691481682024 6.15 75500
1691481838639 6.19 76000
1691481885754 6.19 76000
1691482041549 6.23 76500
1691482197735 6.27 77000
1691482244221 6.27 77000
1691482401004 6.32 77500
1691482557869 6.36 78000
1691482605285 6.36 78000
1691482763096 6.4 78500
1691482920334 6.44 79000
1691482966496 6.44 79000
1691483123649 6.48 79500
1691483280058 6.52 80000
1691483326336 6.52 80000
1691483488738 6.56 80500
1691483646023 6.6 81000
1691483693122 6.6 81000
1691483849866 6.64 81500
1691484006340 6.68 82000
1691484053711 6.68 82000
1691484209767 6.72 82500
1691484366030 6.76 83000
1691484412648 6.76 83000
1691484569076 6.8 83500
1691484726549 6.84 84000
1691484773441 6.84 84000
1691484930240 6.89 84500
1691485086430 6.93 85000
1691485133705 6.93 85000
1691485290443 6.97 85500
1691485447143 7.01 86000
1691485493850 7.01 86000
1691485650720 7.05 86500
1691485806614 7.09 87000
1691485853127 7.09 87000
1691486009642 7.13 87500
1691486167175 7.17 88000
1691486213307 7.17 88000
1691486370572 7.21 88500
1691486527224 7.25 89000
1691486574636 7.25 89000
1691486731085 7.29 89500
1691486887549 7.33 90000
1691486934533 7.33 90000
1691487095647 7.37 90500
1691487252317 7.42 91000
1691487298617 7.42 91000
1691487454898 7.46 91500
1691487610887 7.5 92000
1691487658248 7.5 92000
1691487814404 7.54 92500
1691487972526 7.58 93000
1691488018516 7.58 93000
1691488175608 7.62 93500
1691488333115 7.66 94000
1691488379671 7.66 94000
1691488536607 7.7 94500
1691488694156 7.74 95000
1691488740866 7.74 95000
1691488897923 7.78 95500
1691489055546 7.82 96000
1691489102649 7.82 96000
1691489259870 7.86 96500
1691489417755 7.9 97000
1691489465906 7.9 97000
1691489622973 7.94 97500
1691489780031 7.99 98000
1691489827674 7.99 98000
1691489984511 8.03 98500
1691490141429 8.07 99000
1691490188375 8.07 99000
1691490345096 8.11 99500
1691490501566 8.15 100000
1691490547468 8.15 100000
1691490709006 8.19 100500
1691490865599 8.23 101000
1691490912242 8.23 101000
1691491069385 8.27 101500
1691491225518 8.31 102000
1691491271482 8.31 102000
1691491428478 8.35 102500
1691491584937 8.39 103000
1691491632236 8.39 103000
1691491788759 8.43 103500
1691491945529 8.47 104000
1691491992168 8.47 104000
1691492149004 8.52 104500
1691492305240 8.56 105000
1691492352010 8.56 105000
1691492509259 8.6 105500
1691492665961 8.64 106000
1691492712707 8.64 106000
1691492869096 8.68 106500
1691493025536 8.72 107000
1691493071966 8.72 107000
1691493229548 8.76 107500
1691493385822 8.8 108000
1691493431757 8.8 108000
1691493588817 8.84 108500
1691493745037 8.88 109000
1691493791786 8.88 109000
1691493948253 8.92 109500
1691494105306 8.96 110000
1691494152065 8.96 110000
1691494310164 9.0 110500
1691494463112 9.04 111000
1691494508698 9.04 111000
1691494661848 9.09 111500
1691494815025 9.13 112000
1691494860648 9.13 112000
1691495013855 9.17 112500
1691495166905 9.21 113000
1691495212529 9.21 113000
1691495365728 9.25 113500
1691495518914 9.29 114000
1691495564515 9.29 114000
1691495717752 9.33 114500
1691495870852 9.37 115000
1691495916509 9.37 115000
1691496069731 9.41 115500
1691496222913 9.45 116000
1691496268452 9.45 116000
1691496421660 9.49 116500
1691496574699 9.53 117000
1691496620339 9.53 117000
1691496773518 9.57 117500
1691496926668 9.62 118000
1691496972179 9.62 118000
1691497125410 9.66 118500
1691497278474 9.7 119000
1691497323991 9.7 119000
1691497477167 9.74 119500
1691497630323 9.78 120000
1691497675817 9.78 120000
1691497833460 9.82 120500
1691497986595 9.86 121000
1691498031668 9.86 121000
1691498184859 9.9 121500
1691498338026 9.94 122000
1691498382964 9.94 122000
1691498536063 9.98 122500
1691498603406 10.0 122720
1691498652713 10.0 122720
1691498697930 10.0 122720
