1691454815464 0.000175 500
1691454968423 0.00035 1000
1691455167057 0.00034856227407163986 1500
1691455320011 0.00034712454814327966 2000
1691455518683 0.00034568682221491946 2500
1691455671844 0.00034424909628655927 3000
1691455870781 0.00034281137035819913 3500
1691456024002 0.000341373644429839 4000
1691456224442 0.0003399359185014788 4500
1691456380292 0.00033849819257311865 5000
1691456584457 0.00033706046664475845 5500
1691456741307 0.00033562274071639826 6000
1691456946480 0.0003341850147880381 6500
1691457103895 0.0003327472888596779 7000
1691457310046 0.0003313095629313178 7500
1691457468252 0.00032987183700295764 8000
1691457675385 0.00032843411107459744 8500
1691457834650 0.00032699638514623725 9000
1691458042573 0.0003255586592178771 9500
1691458199004 0.0003241209332895169 10000
1691458405699 0.00032268320736115677 10500
1691458562253 0.0003212454814327966 11000
1691458767086 0.0003198077555044364 11500
1691458919866 0.00031837002957607624 12000
1691459120985 0.00031693230364771604 12500
1691459275281 0.0003154945777193559 13000
1691459473766 0.00031405685179099576 13500
1691459627480 0.00031261912586263556 14000
1691459826649 0.00031118139993427537 14500
1691459980440 0.00030974367400591517 15000
1691460179333 0.00030830594807755503 15500
1691460333120 0.0003068682221491949 16000
1691460533020 0.0003054304962208347 16500
1691460689304 0.00030399277029247455 17000
1691460892655 0.00030255504436411436 17500
1691461046569 0.00030111731843575416 18000
1691461245558 0.000299679592507394 18500
1691461399671 0.0002982418665790338 19000
1691461598816 0.0002968041406506737 19500
1691461752945 0.00029536641472231354 20000
1691461956801 0.00029392868879395335 20500
1691462111120 0.00029249096286559315 21000
1691462310743 0.000291053236937233 21500
1691462464970 0.0002896155110088728 22000
1691462664547 0.0002881777850805127 22500
1691462818938 0.0002867400591521525 23000
1691463018566 0.0002853023332237923 23500
1691463173099 0.00028386460729543214 24000
1691463372957 0.00028242688136707195 24500
1691463527603 0.0002809891554387118 25000
1691463727550 0.00027955142951035166 25500
1691463882207 0.00027811370358199147 26000
1691464082199 0.00027667597765363127 26500
1691464237067 0.0002752382517252711 27000
1691464437025 0.00027380052579691094 27500
1691464591696 0.0002723627998685508 28000
1691464792024 0.0002709250739401906 28500
1691464947035 0.00026948734801183046 29000
1691465147238 0.00026804962208347026 29500
1691465302353 0.00026661189615511007 30000
1691465507137 0.0002651741702267499 30500
1691465662209 0.00026373644429838973 31000
1691465862629 0.0002622987183700296 31500
1691466017732 0.0002608609924416694 32000
1691466218166 0.0002594232665133092 32500
1691466373297 0.00025798554058494906 33000
1691466573588 0.00025654781465658886 33500
1691466728918 0.0002551100887282287 34000
1691466930040 0.0002536723627998686 34500
1691467085395 0.0002522346368715084 35000
1691467286597 0.0002507969109431482 35500
1691467441989 0.00024935918501478805 36000
1691467643114 0.00024792145908642785 36500
1691467798610 0.0002464837331580677 37000
1691467998642 0.0002450460072297075 37500
1691468153592 0.00024360828130134734 38000
1691468353945 0.0002421705553729872 38500
1691468508923 0.000240732829444627 39000
1691468709036 0.00023929510351626684 39500
1691468864131 0.0002378573775879067 40000
1691469068954 0.0002364196516595465 40500
1691469224094 0.00023498192573118633 41000
1691469424686 0.00023354419980282614 41500
1691469580613 0.00023210647387446597 42000
1691469781821 0.00023066874794610583 42500
1691469937907 0.00022923102201774563 43000
1691470139070 0.00022779329608938546 43500
1691470295058 0.00022635557016102532 44000
1691470496453 0.00022491784423266513 44500
1691470652592 0.00022348011830430496 45000
1691470853874 0.00022204239237594476 45500
1691471010098 0.00022060466644758462 46000
1691471211372 0.00021916694051922445 46500
1691471367518 0.00021772921459086426 47000
1691471568874 0.00021629148866250412 47500
1691471725047 0.00021485376273414395 48000
1691471926392 0.00021341603680578375 48500
1691472082875 0.0002119783108774236 49000
1691472281075 0.00021054058494906342 49500
1691472433546 0.00020910285902070325 50000
1691472635239 0.0002076651330923431 50500
1691472787704 0.0002062274071639829 51000
1691472985537 0.00020478968123562274 51500
1691473138759 0.00020335195530726257 52000
1691473336771 0.00020191422937890238 52500
1691473489967 0.00020047650345054224 53000
1691473688696 0.00019903877752218204 53500
1691473844233 0.00019760105159382187 54000
1691474047659 0.00019616332566546173 54500
1691474204049 0.00019472559973710154 55000
1691474409372 0.00019328787380874137 55500
1691474567435 0.00019185014788038123 56000
1691474773704 0.00019041242195202103 56500
1691474932231 0.00018897469602366086 57000
1691475139824 0.00018753697009530067 57500
1691475299182 0.00018609924416694053 58000
1691475507123 0.00018466151823858036 58500
1691475666474 0.00018322379231022016 59000
1691475870144 0.00018178606638186002 59500
1691476027883 0.00018034834045349983 60000
1691476235826 0.00017891061452513966 60500
1691476393383 0.00017747288859677952 61000
1691476598131 0.00017603516266841932 61500
1691476754894 0.00017459743674005915 62000
1691476958451 0.00017315971081169898 62500
1691477116514 0.0001717219848833388 63000
1691477320697 0.00017028425895497865 63500
1691477478110 0.00016884653302661848 64000
1691477681742 0.00016740880709825828 64500
1691477838462 0.00016597108116989811 65000
1691478040729 0.00016453335524153797 65500
1691478197578 0.00016309562931317778 66000
1691478400428 0.0001616579033848176 66500
1691478556909 0.00016022017745645744 67000
1691478759912 0.00015878245152809727 67500
1691478917403 0.0001573447255997371 68000
1691479121293 0.00015590699967137694 68500
1691479279659 0.00015446927374301674 69000
1691479508143 0.0001530315478146566 69500
1691479669885 0.00015159382188629643 70000
1691479879831 0.00015015609595793623 70500
1691480038094 0.00014871837002957607 71000
1691480241722 0.0001472806441012159 71500
1691480398787 0.00014584291817285573 72000
1691480602279 0.00014440519224449556 72500
1691480759121 0.0001429674663161354 73000
1691480962630 0.00014152974038777522 73500
1691481118811 0.00014009201445941506 74000
1691481321822 0.0001386542885310549 74500
1691481478587 0.0001372165626026947 75000
1691481682024 0.00013577883667433455 75500
1691481838639 0.00013434111074597438 76000
1691482041548 0.0001329033848176142 76500
1691482197735 0.00013146565888925402 77000
1691482401004 0.00013002793296089385 77500
1691482557869 0.00012859020703253368 78000
1691482763095 0.0001271524811041735 78500
1691482920333 0.00012571475517581334 79000
1691483123649 0.00012427702924745318 79500
1691483280058 0.000122839303319093 80000
1691483488738 0.00012140157739073283 80500
1691483646022 0.00011996385146237266 81000
1691483849866 0.00011852612553401249 81500
1691484006340 0.00011708839960565232 82000
1691484209767 0.00011565067367729214 82500
1691484366029 0.00011421294774893197 83000
1691484569075 0.00011277522182057182 83500
1691484726548 0.00011133749589221163 84000
1691484930240 0.00010989976996385147 84500
1691485086430 0.00010846204403549128 85000
1691485290442 0.00010702431810713111 85500
1691485447143 0.00010558659217877096 86000
1691485650720 0.00010414886625041078 86500
1691485806613 0.0001027111403220506 87000
1691486009642 0.00010127341439369043 87500
1691486167175 9.983568846533027e-05 88000
1691486370572 9.839796253697009e-05 88500
1691486527224 9.696023660860992e-05 89000
1691486731085 9.552251068024974e-05 89500
1691486887548 9.408478475188959e-05 90000
1691487095647 9.264705882352942e-05 90500
1691487252317 9.120933289516924e-05 91000
1691487454898 8.977160696680907e-05 91500
1691487610887 8.83338810384489e-05 92000
1691487814404 8.689615511008873e-05 92500
1691487972526 8.545842918172855e-05 93000
1691488175607 8.402070325336839e-05 93500
1691488333114 8.258297732500821e-05 94000
1691488536607 8.114525139664804e-05 94500
1691488694156 7.970752546828787e-05 95000
1691488897923 7.82697995399277e-05 95500
1691489055545 7.683207361156752e-05 96000
1691489259870 7.539434768320737e-05 96500
1691489417755 7.395662175484719e-05 97000
1691489622972 7.251889582648702e-05 97500
1691489780031 7.108116989812685e-05 98000
1691489984511 6.964344396976668e-05 98500
1691490141429 6.82057180414065e-05 99000
1691490345096 6.676799211304633e-05 99500
1691490501566 6.533026618468616e-05 100000
1691490709005 6.3892540256326e-05 100500
1691490865598 6.245481432796583e-05 101000
1691491069385 6.101708839960566e-05 101500
1691491225518 5.9579362471245476e-05 102000
1691491428478 5.8141636542885314e-05 102500
1691491584936 5.670391061452514e-05 103000
1691491788759 5.526618468616497e-05 103500
1691491945529 5.3828458757804796e-05 104000
1691492149004 5.239073282944463e-05 104500
1691492305240 5.095300690108445e-05 105000
1691492509259 4.951528097272429e-05 105500
1691492665960 4.8077555044364115e-05 106000
1691492869096 4.663982911600395e-05 106500
1691493025536 4.520210318764377e-05 107000
1691493229548 4.37643772592836e-05 107500
1691493385821 4.232665133092343e-05 108000
1691493588817 4.088892540256326e-05 108500
1691493745037 3.945119947420309e-05 109000
1691493948253 3.8013473545842916e-05 109500
1691494105306 3.657574761748275e-05 110000
1691494310164 3.513802168912258e-05 110500
1691494463112 3.3700295760762404e-05 111000
1691494661847 3.2262569832402236e-05 111500
1691494815024 3.082484390404206e-05 112000
1691495013855 2.9387117975681892e-05 112500
1691495166905 2.7949392047321724e-05 113000
1691495365727 2.6511666118961552e-05 113500
1691495518913 2.507394019060138e-05 114000
1691495717751 2.3636214262241208e-05 114500
1691495870852 2.219848833388104e-05 115000
1691496069730 2.0760762405520868e-05 115500
1691496222913 1.9323036477160696e-05 116000
1691496421660 1.7885310548800528e-05 116500
1691496574698 1.6447584620440356e-05 117000
1691496773517 1.5009858692080184e-05 117500
1691496926668 1.3572132763720014e-05 118000
1691497125409 1.2134406835359844e-05 118500
1691497278474 1.0696680906999672e-05 119000
1691497477167 9.2589549786395e-06 119500
1691497630323 7.82122905027933e-06 120000
1691497833460 6.383503121919159e-06 120500
1691497986594 4.9457771935589874e-06 121000
1691498184858 3.508051265198817e-06 121500
1691498338025 2.070325336838646e-06 122000
1691498536062 6.325994084784752e-07 122500
