1691454815463 1.1128 500
1691454968423 0.5577 1000
1691455167056 0.4396 1500
1691455320010 0.4115 2000
1691455518682 0.3926 2500
1691455671844 0.3837 3000
1691455870780 0.3705 3500
1691456024002 0.3745 4000
1691456224441 0.3787 4500
1691456380291 0.3758 5000
1691456584457 0.3697 5500
1691456741307 0.3559 6000
1691456946480 0.362 6500
1691457103894 0.3462 7000
1691457310046 0.3439 7500
1691457468252 0.3506 8000
1691457675384 0.3409 8500
1691457834649 0.3512 9000
1691458042573 0.3469 9500
1691458199004 0.3461 10000
1691458405698 0.3437 10500
1691458562253 0.3369 11000
1691458767086 0.3529 11500
1691458919866 0.3316 12000
1691459120984 0.3369 12500
1691459275280 0.3222 13000
1691459473765 0.3295 13500
1691459627480 0.3318 14000
1691459826648 0.3232 14500
1691459980440 0.33 15000
1691460179332 0.3261 15500
1691460333120 0.3265 16000
1691460533020 0.3292 16500
1691460689303 0.3249 17000
1691460892654 0.3243 17500
1691461046569 0.3202 18000
1691461245557 0.3323 18500
1691461399670 0.326 19000
1691461598816 0.3212 19500
1691461752944 0.3205 20000
1691461956800 0.3253 20500
1691462111120 0.3276 21000
1691462310742 0.3098 21500
1691462464970 0.3202 22000
1691462664547 0.3289 22500
1691462818937 0.327 23000
1691463018565 0.3172 23500
1691463173098 0.3182 24000
1691463372957 0.3174 24500
1691463527603 0.2969 25000
1691463727550 0.3057 25500
1691463882206 0.2983 26000
1691464082198 0.2969 26500
1691464237066 0.3134 27000
1691464437025 0.3113 27500
1691464591696 0.3233 28000
1691464792023 0.3074 28500
1691464947035 0.313 29000
1691465147238 0.3084 29500
1691465302353 0.3121 30000
1691465507137 0.3172 30500
1691465662208 0.2995 31000
1691465862628 0.2979 31500
1691466017732 0.3225 32000
1691466218166 0.31 32500
1691466373297 0.3054 33000
1691466573587 0.3164 33500
1691466728917 0.3081 34000
1691466930040 0.3072 34500
1691467085394 0.3121 35000
1691467286596 0.3154 35500
1691467441988 0.2994 36000
1691467643114 0.3091 36500
1691467798610 0.2993 37000
1691467998641 0.2981 37500
1691468153591 0.2846 38000
1691468353944 0.2998 38500
1691468508923 0.2934 39000
1691468709035 0.2986 39500
1691468864131 0.2963 40000
1691469068954 0.2854 40500
1691469224093 0.2953 41000
1691469424686 0.3007 41500
1691469580613 0.3045 42000
1691469781820 0.308 42500
1691469937906 0.2988 43000
1691470139069 0.3012 43500
1691470295057 0.3018 44000
1691470496452 0.2984 44500
1691470652592 0.3007 45000
1691470853873 0.3034 45500
1691471010098 0.2991 46000
1691471211371 0.3056 46500
1691471367517 0.2991 47000
1691471568873 0.3002 47500
1691471725047 0.2986 48000
1691471926392 0.2952 48500
1691472082875 0.295 49000
1691472281075 0.2811 49500
1691472433546 0.2824 50000
1691472635239 0.2782 50500
1691472787703 0.2746 51000
1691472985536 0.288 51500
1691473138759 0.2917 52000
1691473336771 0.2898 52500
1691473489967 0.291 53000
1691473688695 0.2885 53500
1691473844219 0.2801 54000
1691474047658 0.2857 54500
1691474204049 0.2888 55000
1691474409371 0.2824 55500
1691474567435 0.2868 56000
1691474773703 0.2966 56500
1691474932230 0.274 57000
1691475139824 0.2972 57500
1691475299182 0.2848 58000
1691475507123 0.2889 58500
1691475666473 0.2847 59000
1691475870143 0.2832 59500
1691476027882 0.2907 60000
1691476235826 0.286 60500
1691476393382 0.2921 61000
1691476598130 0.2764 61500
1691476754893 0.2617 62000
1691476958450 0.2698 62500
1691477116513 0.2706 63000
1691477320696 0.2799 63500
1691477478109 0.2761 64000
1691477681742 0.2761 64500
1691477838461 0.273 65000
1691478040728 0.278 65500
1691478197578 0.2745 66000
1691478400428 0.2786 66500
1691478556909 0.2741 67000
1691478759912 0.2754 67500
1691478917403 0.2756 68000
1691479121293 0.2708 68500
1691479279616 0.2744 69000
1691479508143 0.2741 69500
1691479669884 0.2874 70000
1691479879831 0.2859 70500
1691480038093 0.2731 71000
1691480241721 0.2706 71500
1691480398786 0.2714 72000
1691480602279 0.2755 72500
1691480759120 0.2712 73000
1691480962630 0.2691 73500
1691481118810 0.2573 74000
1691481321821 0.2649 74500
1691481478586 0.2535 75000
1691481682023 0.2652 75500
1691481838638 0.2575 76000
1691482041548 0.2607 76500
1691482197735 0.2558 77000
1691482401003 0.2582 77500
1691482557868 0.264 78000
1691482763095 0.265 78500
1691482920333 0.2709 79000
1691483123648 0.2626 79500
1691483280057 0.2546 80000
1691483488737 0.2647 80500
1691483646022 0.2674 81000
1691483849865 0.2637 81500
1691484006339 0.2672 82000
1691484209766 0.261 82500
1691484366029 0.2635 83000
1691484569075 0.2629 83500
1691484726548 0.2629 84000
1691484930240 0.2529 84500
1691485086430 0.2608 85000
1691485290442 0.2613 85500
1691485447142 0.2608 86000
1691485650720 0.242 86500
1691485806612 0.249 87000
1691486009641 0.2491 87500
1691486167175 0.2423 88000
1691486370571 0.2517 88500
1691486527223 0.245 89000
1691486731084 0.2449 89500
1691486887548 0.2428 90000
1691487095646 0.2508 90500
1691487252316 0.2535 91000
1691487454897 0.2446 91500
1691487610886 0.2562 92000
1691487814403 0.247 92500
1691487972525 0.2421 93000
1691488175607 0.2481 93500
1691488333114 0.2482 94000
1691488536606 0.2522 94500
1691488694155 0.2617 95000
1691488897922 0.2469 95500
1691489055544 0.2446 96000
1691489259869 0.2552 96500
1691489417754 0.2522 97000
1691489622972 0.2468 97500
1691489780030 0.2479 98000
1691489984510 0.2366 98500
1691490141429 0.2318 99000
1691490345095 0.2393 99500
1691490501565 0.2276 100000
1691490709005 0.2339 100500
1691490865598 0.2332 101000
1691491069384 0.2288 101500
1691491225517 0.2344 102000
1691491428477 0.2395 102500
1691491584936 0.2335 103000
1691491788758 0.2359 103500
1691491945528 0.2376 104000
1691492149003 0.2344 104500
1691492305240 0.2319 105000
1691492509258 0.2315 105500
1691492665960 0.2388 106000
1691492869095 0.2303 106500
1691493025535 0.233 107000
1691493229547 0.2428 107500
1691493385821 0.2319 108000
1691493588816 0.2408 108500
1691493745037 0.2383 109000
1691493948252 0.2317 109500
1691494105305 0.2411 110000
1691494310163 0.2272 110500
1691494463111 0.2303 111000
1691494661847 0.2147 111500
1691494815024 0.2237 112000
1691495013855 0.2209 112500
1691495166904 0.2185 113000
1691495365727 0.2329 113500
1691495518913 0.2243 114000
1691495717751 0.2182 114500
1691495870852 0.2272 115000
1691496069730 0.2172 115500
1691496222913 0.2237 116000
1691496421659 0.2198 116500
1691496574698 0.2223 117000
1691496773517 0.2307 117500
1691496926667 0.2122 118000
1691497125409 0.2225 118500
1691497278473 0.2148 119000
1691497477166 0.2163 119500
1691497630323 0.2221 120000
1691497833459 0.2249 120500
1691497986594 0.2237 121000
1691498184858 0.2224 121500
1691498338025 0.2254 122000
1691498536062 0.2186 122500
